 1 6 7 8 9 10 414 498 499
 0 6 7 8 9 10 11 13 14 15 16 25 75 414 415 450 479 480 481 497 498 499
 3 4 6 10 11 12 13 14 15 16 17 18 20 21 74 75 76 77 346 347 350 352 353 362 363 364 371 373 375 476 478 479 480 490 496 497 498 499 500
 2 4 17 34 35 253 345 346 347 351 352 362 363 371 372 373 486 489 490 493 494 495 496 497 498 499 500
 2 3 5 6 10 11 12 13 15 17 18 20 74 75 76 373 497
 4 6 10 11 12 13 14 15 16 20 75
 0 1 2 4 5 9 10 11 13 14 15 16 75 373 375 414 416 450 476 479 480 481 497 499
 0 1 9 25 26 28 29 30 414 415 416 450 479 480 481 499
 0 1 414 416 450 481 499
 0 1 6 7 10 363 395 396 414 415 416 450 480 481 499
 0 1 2 4 5 6 9 11 12 13 14 15 16 344 345 347 363 371 373 374 375 389 450 476 479 480 481 497 499
 1 2 4 5 6 10 12 13 15 20 75 345 363 375
 2 4 5 10 11 13 15 17 18 20 74 75 345 347 352 362 363 371 372 373 375 497
 1 2 4 5 6 10 11 12 14 15 16 20 74 75 363 373 374 375 499
 1 2 5 6 10 13 15 363 373 374 375 380 389 395 396 415 416 450 476 479 480 481 497 499
 1 2 4 5 6 10 11 12 13 14 16 18 20 73 74 75 345 347 362 363 364 371 373 374 375 380 384 389 395 396 450 476 480 497 499
 1 2 5 6 10 13 15 345 362 363 373 374 375 380 389 395 396 416 449 450 476 499
 2 3 4 12 18 34 70 71 77 83 86 280 344 345 346 347 350 351 352 353 362 363 364 371 372 373 375 490 495 496 497 500
 2 4 12 15 17 71 345 346 347 350 351 352 362 363 371 373 374 375 497
 65 67 70 71 77 84 86 347 350 351 352 362 363 371 373 497
 2 4 5 11 12 13 15 65 67 70 71 72 73 74 75 76 77 344 346 347 351 362 363 371 372 373 374 375 497 569
 2 26
 23 521 523 525 569 572 574 575 576 578
 22 26 27 28 32 78 79 179 516 521 522 523 524 525 526 530 569 570 571 572 574 575 576 577 578 580 680
 25 26 521 522 523 525 526 572 575 576
 1 7 24 30 416 450 499
 7 21 23 24 27 28 29 30 32 33 521 522 523 524 525 526 528 530 572 575 576 577 578 701 703
 23 26 28 32 33 78 79 80 179 180 181 183 185 186 187 188 200 516 521 522 523 524 525 526 530 570 572 575 576 577 578 579 580 680 819
 7 23 26 27 32 33 80 179 183 523 524 525 526 530 680 701
 7 26 30
 7 25 26 29 31
 30
 23 26 27 28 33 80 179 180 181 183 530
 26 27 28 32 179
 3 17 35 36 37 38 44 45 86 247 248 253 346 347 351 435 486 490 494 495 496 497 500
 3 34 37 38 39 70 86 247 253 280 345 346 347 350 351 352 362 363 371 373 433 434 435 451 452 489 490 494 495 496 497 500
 34 37 38 45 347 490 494 495 496 497
 34 35 36 38 39 40 41 42 56 59 63 86 91 92 93 94 95 96 101 240 433 435 490 495 496 497
 34 35 36 37 39 40 41 64 85 86 92 95 346 347 433 434 435 452 490 495 496 497
 35 37 38 40 41 64 65 67 70 71 83 85 86 91 92 347 362 371 433 435 490 497
 37 38 39 41 52 58 59 60 63 64 67 70 86 91 92 94 432 433 434 435
 37 38 39 40 42 52 55 59 63 67 86 91 92 93 94 95 96 100 101 102 103 104 129 286 433 434 550 556 557 558
 37 41 49 50 51 52 55 92 93 94 95 96 99 100 101 102 103 104 108 109 110 113 122 123 124 128 129 130 134 139 140 141 240 283 285 286 287 291 430 431 432 433 434 435
 55 92 93 94 95 96 99 100 101 102 103 104 108 109 113 122 124 128 129 130 240 286 433 434 435 550 557 622
 34 45 46 47 94 100 101 103 104 108 109 113 494 495 496
 34 36 44 46 109 204 493 494 495 496
 44 45 100 101 103 104 108 109 110 113 114 118 122 123 124 129 130 131 240 435 493
 44 48 94 99 100 101 102 103 104 108 109 110 112 113 114 118 119 121 122 123 124 128 129 130 134 239 240 286 287 432 433 434 435 622
 47 50 100 101 103 104 108 109 110 112 113 118 119 121 122 123 124 125 126 127 129 130 134 138 139 140 235 239 240 283 285 286 287 290 291 301 430 432 433 434 435
 42 50 51 52 100 101 103 109 113 122 124 126 127 129 139 140 141 283 285 286 287 430 432 433 434 435
 42 48 49 113 118 122 124 134 139 140 286
 42 49 52 53 54 55 57 58 60 61 62 65 66 67 69 101 103 109 121 122 124 125 126 127 128 129 140 141 142 147 148 283 285 286 291 292 293 430 431 432 433 435 542 550 551 552 557 567 597 603 621 622 623
 40 41 42 49 51 53 55 58 59 60 66 67 93 94 100 101 102 103 109 110 122 123 124 125 126 128 129 130 139 140 141 142 148 283 285 286 290 291 292 431 432 433 434 435 558
 51 52 54 55 58 59 60 61 66 67 94 101 103 109 121 122 124 125 127 128 129 130 140 141 142 147 148 285 292 430 431 432 433 435 557
 51 53 55 56 57 58 60 61 62 65 66 67 69 93 94 101 129 539 542 551 556 557 561 591 594 596 622
 41 42 43 51 52 53 54 56 57 58 60 61 62 63 65 66 67 69 93 94 100 101 102 103 109 129 130 542 550 551 552 553 556 557 562 565 567 570 591 592 593 594 596 597 603 604 608 621 622
 37 54 55 57 58 61 62 63 64 65 92 93 94 101 102 129 130 551 553 554 555 556 557 561 562 563 587 591 592 593 594 597 622
 51 54 55 56 58 61 62 63 65 94 129 551 553 554 556 557 563 586 592 593
 40 51 52 53 54 55 56 57 59 60 61 66 67 69 92 94 556 557
 37 40 41 52 53 58 60 61 66 67 92 94 95 101
 40 51 52 53 54 55 58 59 61 67 433
 51 53 54 55 56 57 58 59 60 62 67 69 129 554 556 561 563 586
 51 54 55 56 57 61 63 64 65 69 94 129 554 556 557 561 563 564 565 586 587 592 593
 37 40 41 55 56 57 62 65 66 67 69 93 94 556 563 586 587 592 593
 38 39 40 56 62 65 66 67 70 71 86 92 94 554 556 561 563 564 565 579 585 586 587 592
 19 20 39 51 54 55 56 57 62 63 64 66 67 68 69 70 71 129 556 557 561 563 564 565 579
 51 52 53 54 55 58 59 63 64 65 67 69 70 129 433
 19 20 39 40 41 51 52 53 54 55 58 59 60 61 63 64 65 66 68 70 71 86 92 94 101 129 240 286 432 433 434 435
 65 67 69 70 71 72 77 86 433 557 565 567 568 569 570
 51 54 55 58 61 62 63 65 66 68 70 71 72 73 77 94 129 564 565 567 579
 17 19 20 35 39 40 64 65 66 67 68 69 71 72 86 92 556 561 563 564 565 567 569 570 571 579 580 585 586
 17 18 19 20 39 64 65 67 68 69 70 72 73 77 86 346 347 363 371 497 564 565 567 568 569 570 571 572 575 578 579 580 585 586
 20 68 69 70 71 73 74 77 567 569 572
 15 20 69 71 72 77
 2 4 12 13 15 20 72 347 363 497
 1 2 4 5 6 11 12 13 15 20 347 363 373 374 375
 2 4 20 77 345 347 363 371 373 374 375 517 520 521 523 525 565 568 569 570 571 572 573 574 575 576 578 579 991
 2 17 19 20 68 69 71 72 73 76 346 347 363 371 373 374 375 497 517 564 568 569 570 571 572 573 575 576 578 579
 23 27 79 80 83 347 363 521 522 523 524 525 526 564 565 568 569 570 571 572 573 575 576 577 578 579 580
 23 27 78 80 81 82 83 88 90 96 179 181 183 521 523 525 526 564 565 569 570 571 572 575 576 577 578 579 580 581 680 701
 27 28 32 78 79 81 82 83 84 88 90 179 180 181 182 183 185 186 187 188 189 190 192 193 194 199 200 201 202 318 319 521 523 524 525 564 570 571 572 575 576 577 578 579 580 581 680 701
 79 80 82 84 85 87 88 89 90 97 99 181 182 183 184 185 186 187 188 189 190 191 192 193 194 195 196 198 199 200 201 202 313 316 317 318 319 325 326 564 577 578 579 580 581 582 584 585 586 587
 79 80 81 84 85 87 88 90 95 96 99 181 183 185 186 187 188 190 192 199 200 201 202 317 318 564 565 571 577 578 579 580 581 582 584 585 586 587
 17 39 78 79 80 84 85 86 95 347 363 525 564 565 567 568 569 570 571 572 575 576 577 578 579 580 581 701
 19 80 81 82 83 86 183 201 563 564 565 567 569 570 571 572 577 578 579 580 581 585 586
 38 39 81 82 83 86 183 554 561 563 564 565 567 571 579 580 581 582 584 585 586 587
 17 19 34 35 37 38 39 40 41 64 67 68 70 71 83 84 85 91 92 94 95 347 490 497 554 556 557 561 562 563 564 565 566 567 569 570 571 578 579 580 581 584 585 586 587 592 593
 81 82 88 89 91 183 190 201 554 561 562 563 564 565 579 580 581 582 583 584 585 586 587 588 592 593
 79 80 81 82 87 89 90 91 96 97 99 183 187 188 190 193 200 201 202 317 318 319 325 563 564 579 581 583 584 585 586 587 588 592 593
 81 87 88 90 91 95 97 98 183 184 185 186 187 188 189 190 191 192 193 194 195 196 197 199 200 201 202 313 316 317 318 319 324 325 326 579 583 584 585 586 587 588 591 592 593
 79 80 81 82 88 89 95 96 97 99 183 185 186 187 200 201 202 313 318 551 579 584 587 588 589 590 591 592 593 594 596 597 686
 37 39 40 41 86 87 88 89 92 95 96 183 554 556 557 562 563 564 579 583 584 585 586 587 588 591 592 593
 37 38 39 40 41 42 43 56 58 59 64 67 70 86 91 93 94 95 101 496 551 554 556 557 562 563 584 586 587 588 592 593
 37 41 42 43 52 54 55 56 63 92 94 101 102 103 129 130 591 593
 37 40 41 42 43 44 47 52 53 54 55 56 57 58 59 62 63 64 67 69 86 92 93 101 102 551 553 556 557 562 588 590 591 592 593 594 596 597
 37 38 41 42 43 59 82 83 86 89 90 91 92 183 551 553 554 556 557 562 563 583 584 586 587 588 590 591 592 593 594
 37 41 42 43 79 82 88 90 91 97 183 187 551 552 553 557 587 588 589 590 591 592 593 594 596 597 598 622 686
 81 88 89 90 96 98 99 100 105 183 186 187 188 191 192 197 200 201 202 313 316 317 318 319 324 325 326 327 329 590 591 597 598 603
 89 97 99 105 106 178 187 188 189 191 192 196 197 200 201 202 313 316 317 318 319 323 324 325 326 327 328 329 598 602 603 608 609
 42 43 47 81 82 88 90 97 98 100 183 186 187 191 197 202 317 318 319 325 326 590 591 596 597 598 599 602 603 604 608 609 622 688
 41 42 43 44 46 47 48 49 52 55 97 99 101 183 187 551 590 591 595 596 597 598 599 602 603 604 608 621 622
 37 41 42 43 44 46 47 48 49 51 52 53 54 55 56 59 67 92 93 94 100 102 129 130 435 551 552 588 590 591 593 594 596 597 598 602 603 604 608 621 622 628
 41 42 43 47 52 55 56 93 94 101 103 129 130 591 622
 41 42 43 44 46 47 48 49 51 52 53 55 93 102 110 129 130 598 602 603 604 607 608 609 622 628
 41 42 43 44 46 47 48 105 187 595 598 599 601 602 603 604 606 607 608 609 610 613 621 622 627 628 630 631
 97 98 104 106 107 108 178 187 188 197 325 326 329 598 599 601 602 603 606 607 608 609 610 613 628
 98 105 107 115 116 177 178 187 188 189 190 191 192 197 323 324 325 326 327 328 329 602 608 609 610 613
 105 106 108 114 115 187 188 190 601 607 609 610 612 613 614 615 618 630
 42 43 44 46 47 48 105 107 132 133 187 188 601 602 606 607 608 609 610 613 614 615 618 627 628 629 630 631
 42 43 44 45 46 47 48 49 51 52 53 55 110 123 129 130 131 132 133 134 496 601 602 606 607 608 609 610 613 614 622 627 628 629 630 631
 42 46 47 48 52 103 109 112 113 123 129 130 132 134 157 608 609 613 622 629 630
 112 113 118 119 120 121 122 123 134 157 158
 47 48 110 111 120 121 122 123 133 134 135 138 139 158
 42 43 44 46 47 48 49 50 110 111 122 131 132 133 134 135 139 601 606 607 608 609 610 612 613 614 615 616 618 627 629 630 631 632 656 928
 46 47 107 115 134 135 187 190 600 601 610 611 612 613 614 615 616 617 618 619 620 629 630 631 632 633 648 650 690
 106 107 114 116 117 187 188 190 600 610 611 612 613 614 616 617 618 619 620 636 641 642 643 690
 106 115 117 170 171 177 178 189 190 191 193 610 611 612 617 618 619 620 636
 115 116 119 135 138 158 190 193 600 611 612 617 618 619 620 635 636 637 641 642 643 644 648 649 650 651 652 655 669 676 690 692
 46 47 48 50 111 120 121 132 133 134 135 138 139 142 158 610 611 612 613 614 615 616 617 618 619 620 630 631 632 633 641 642 643 644 648 649 650 651 655 656
 47 48 111 117 120 122 133 134 135 138 139 142 149 157 158 159 611 612 617 618 619 620 636 641 642 643 644 648 649 650 651 655
 111 112 118 119 121 122 134 150 156 157 158 159 284 293 612 614 617 618 619 629 630 631 632 633 649 650 651 655
 47 48 51 53 111 112 118 120 134 139 150 156 157 158 224 226 255 263 268 283 284 285 286 291 292 293 294 296 305 429 430 431 433 607 612 613 614 615 618 619 629 630 631 632 633 643 648 649 650 651 655 656 659
 42 43 46 47 48 49 50 51 52 53 111 112 113 119 120 123 124 128 129 133 134 150 154 155 156 157 158 159 160 163 164 224 226 227 283 284 285 286 291 292 293 294 295 296 429 430 431 606 607 608 609 613 614 615 618 622 627 628 629 630 631 632 650 656
 42 46 47 48 52 109 110 111 112 122 130 156 157 158 159 284 602 606 607 608 609 613 614 622 627 628 629 630 631 632
 42 43 46 47 48 49 50 51 52 53 122 125 126 127 128 134 141 155 156 157 159 283 284 285 286 291 292 293 295 296 297 305 429 430 431 432 433 606 607 608 609 613 614 622 627 628 629 630 631 632 928
 48 51 52 53 124 126 127 128 134 140 148 285 286 291 293 629 630 631 650 655 656
 48 49 51 52 124 125 127 128 139 140 141 148
 48 49 51 53 124 125 126 128 129 140 141 148 285 291 292 433
 42 43 47 51 52 53 122 124 125 126 127 129 140 141 147 148 285 291 292 430 431 432 433 435 550 551 557 608 622 631
 41 42 43 46 47 48 49 51 52 53 54 55 56 57 61 62 65 66 67 69 93 101 102 103 109 110 122 127 128 130 156 157 159 284 285 291 292 293 429 430 431 432 433 550 551 552 557 595 596 597 603 604 606 607 608 609 621 622 623 627 628 629 630 631 928
 42 43 46 47 48 52 53 55 56 93 101 102 103 109 110 123 129 156 157 159 551 597 603 604 606 608 609 621 622 627 628 630 631
 46 109 113 132 133 204 242 493 495 496
 108 109 110 113 118 131 133 204 205 492 493
 108 109 112 113 118 119 122 131 132 204 205 237 241 242 244 493
 42 47 48 50 109 110 111 112 113 114 118 119 120 121 122 124 125
 112 113 114 117 118 119 234 235 236 238 239 240 242 283 285 286 287
 204 205 206 215 236 237 238 239 241 242 243 244 283 491 492 493 496
 143 144 212 222 227 234 235 236 238 239 254 255 256 262 283 284 285 286 287
 48 112 117 118 119 139 142 156 157 159 164 234 235 236 256 283 284 285 286 287 648
 42 48 49 50 52 112 113 118 119 121 126 138
 42 48 49 50 51 52 53 125 126 127 128
 42 49 51 52 53 124 126 127 128 285 648 650 651 655
 51 52 53 118 119 138 143 144 146 227 234 235 236 254 255 256 262 263 283 284 285 286 291 293 433 644 648 650 651 652 655
 137 142 144 145 209 212 222 227 234 235 236 254 255 256 262 263 268 283 284 285 286 291
 137 142 143 145 146 147 149 151 152 153 154 155 156 217 218 219 220 222 223 224 227 234 254 255 256 262 263 268 283 284 285 292 293
 143 144 146 147 151 153 154 155 219 222 223 224 226 227 234 254 255 256 257 262 263 268 283 284 285 286 291 292 293 431 635 636 637 641 642 644 648 652
 142 144 145 147 154 155 219 222 223 224 227 234 254 255 256 257 262 263 268 283 284 285 286 291 292 293 431 432 433 641 644 648 651 652 655
 51 53 128 144 145 146 154 222 223 224 227 234 254 255 256 262 263 268 283 284 285 286 291 292 293 644 648 650 651 652 655
 51 52 53 125 126 127 128 149 156 224 227 283 284 285 286 291 293 617 618 619 626 630 631 632 636 641 642 643 644 645 647 648 649 650 651 652 655 656 657 659 660 663 795
 119 144 148 150 154 156 223 224 227 255 256 262 263 283 284 285 286 291 292 293 430 431 617 618 619 630 631 632 636 637 640 641 642 643 644 645 647 648 649 650 651 652 654 655 656 657 659 660 663 795 806
 120 121 122 149 151 156 158 616 617 618 619 630 631 632 633 636 641 642 643 644 645 648 649 650 651 652 655 657 659 660
 144 145 150 152 156 219 227 262 263 268 284 285 292 293 617 619 620 635 636 637 640 641 642 643 644 645 647 648 649 650 651 652 655 669 792
 144 151 155 156 223 224 284 285 292 293 617 619 635 636 637 640 641 642 644 645 648 651 652 655
 144 145 155 156
 122 144 145 146 147 149 155 156 160 161 224 225 226 230
 122 124 144 145 146 152 153 154 156 219 641
 120 121 122 123 124 129 130 138 144 148 149 150 151 152 153 154 155 157 158 224 225 226 284 617 619 620 635 636 637 640 641 642 643 644 645 647 648 649 650 651 652 655 669
 110 111 119 120 121 122 123 124 129 130 138 156 158 159 617 619 620 636 637 641 642 643 644 648 649 650 651 652 655 669
 111 112 117 118 119 120 121 122 123 150 156 157 159 164 612 617 618 619 636 641 644 648 650 651 655
 119 120 122 123 124 129 130 138 157 158 164 617 619 620 635 636 637 641 642 644 645 648 650 651 652 655 669
 122 154 161 225 635 636 637 641 644 648 651 669
 154 160 162 635 637 638 670
 161 166 168 634 635 637 638 639 641 670 671 672 673 674 675 706 709
 122 617 619 620 635 636 637 639 640 641 642 644 645 647 648 651 652 669 670 676
 122 138 158 159 165 193 611 617 619 620 635 636 637 641 642 643 644 645 647 648 651 652 655 669 676
 164 169 171 172 190 193 617 619 620 634 635 636 637 638 639 641 642 644 648 669 670 674 675 676 692 693
 162 193 194 634 635 637 638 639 670 671 673 674 675 693 706 709
 173 175 178 193 194 195 233 634 638 671 672 673 674 693 706 707 709
 162 169 172 193 194 195 634 635 637 638 639 670 671 673 674 675 693 706
 165 168 170 171 172 177 193 194 634 635 636 637 639 641 669 670 675 676 693
 116 169 171 177 190 193 611 617 619 620 635 636 637 641 642 644 648 669 676 677 692
 116 165 169 170 172 177 190 191 192 193 619 620 635 636 637 669 676 692
 165 168 169 171 176 177 178 193 194 195 197 634 635 637 638 639 670 671 674 675 693
 167 176 177 178 193 194 195 197 233 634 638 671 672 674 693 706 709
 175 178 194 195 233 259 638 672 673 679 698 706 707 708 709 712 758 759 766 767 809 810 811 812
 167 174 177 178 191 194 195 197 198 259 260 328 329 330 331 638 672 673 679 706 707 712 758 759 766 767 809 810 811 812 813
 172 173 177 178 193 194 195 197 635 638
 106 116 169 170 171 172 173 175 176 178 190 191 192 193 194 635 669
 98 105 106 116 167 172 173 174 175 176 177 191 192 193 194 195 197 328 329 330 672 673 706 707 811 812
 23 27 28 32 33 79 80 180 181 183 187 525 526 680 681 683
 27 32 80 179 181 182 183 184 185 186 187 188 189 190 192 193 200 201
 27 32 79 80 81 82 179 180 182 183 185 186 187 188 189 190 193 200 525 576 577 580 581 680 683
 80 81 180 181 183 184 185 186 187 188 189 190 193 194 200 201
 27 28 32 79 80 81 82 84 85 87 88 89 90 91 95 96 97 99 100 179 180 181 182 186 187 188 189 190 192 193 194 199 200 201 202 318 577 580 581 582 583 584 585 586 587 588 589 590 591 592 597 598 685 686
 81 89 180 182 185 186 187 188 189 194 200 201 202
 27 80 81 82 89 90 180 181 182 184 186 187 188 189 190 191 192 193 194 196 199 200 201 202 313 317 318 319 325 326
 27 80 81 82 89 90 97 99 180 181 182 183 184 185 188 189 190 191 192 193 194 196 197 198 199 200 201 202 313 317 318 319 324 325 326 327
 27 80 81 82 88 89 90 96 97 98 99 100 104 105 106 107 108 114 115 179 180 181 182 183 184 185 188 189 190 192 193 194 195 196 198 199 200 201 202 313 317 318 590 591 597 598 599 601 602 603 608 609 610 612 613 618 688
 27 80 81 82 88 89 97 98 105 106 107 108 115 180 181 182 183 184 185 186 187 189 190 191 192 193 194 195 196 197 198 199 200 201 202 203 313 316 317 318 319 324 325 326 327 329
 80 81 89 98 106 116 180 181 182 183 184 185 186 187 188 191 192 193 194 196 197 199 200 201 202 313 317 318 323 324 325 326 327 328 329
 80 81 82 87 88 89 106 107 114 115 116 117 165 170 171 177 180 181 182 183 185 186 187 188 191 192 193 194 195 196 198 199 200 201 202 313 317 318 326 600 610 611 612 613 618 619 620 669 676 690 692
 81 89 97 98 99 106 116 171 175 177 178 185 186 188 189 190 192 193 194 196 197 200 318 319 323 324 325 326 327 328 329
 80 81 82 89 97 98 106 171 177 178 180 183 185 186 187 188 189 190 191 193 196 197 200 318 324 325 326 327 328 329
 80 81 88 89 116 117 164 165 166 167 168 169 170 171 172 173 176 177 178 180 181 182 183 185 186 187 188 189 190 191 192 194 195 196 197 198 199 200 201 202 203 317 318 326 611 619 620 634 635 636 637 669 670 674 675 676 677 692 693
 80 81 89 166 167 168 169 172 173 174 175 176 177 178 182 183 184 185 186 187 188 189 190 191 193 196 197 198 199 200 201 202 317 318 319 323 324 325 326 327 328 329 634 635 638 670 671 672 673 674 675 693
 81 89 167 168 172 173 174 175 176 178 187 188 190 193 197 198 199 200 201 202 231 233 258 259 260 317 318 321 322 323 324 325 326 327 328 329 330 331 634 638 671 672 673 674 679 693 698 699 706 707 709 758 767 809 810 811 812 813 814 815
 81 89 98 185 186 187 188 189 190 191 192 193 194 197 200 318 325 326 327
 89 97 98 99 105 106 172 173 175 176 178 186 188 189 191 192 193 194 195 196 324 326 327 328 329
 81 175 186 187 188 190 193 194 195 199 200 201 202 203 259 260 316 317 318 319 321 322 323 324 325 326 327 328 329 330 699 758 766 767 768 774 809 810 812 814 815 816 817
 80 81 82 89 183 185 186 187 188 189 190 193 194 195 198 200 201 202 203 316 317 318 319 320 321 322 323 324 325 326 699 700 773 774 775 815 816 817 820 822
 27 80 81 82 88 89 90 97 98 180 181 182 183 184 185 186 187 188 189 190 191 192 193 194 195 196 198 199 201 202 313 316 317 318 319 325
 80 81 82 84 87 88 89 90 97 98 180 182 183 184 185 186 187 188 189 190 193 194 195 198 199 200 202 203 271 312 313 314 315 316 318 319 320 321 324 325 703 776 816 820 821 822 823
 80 81 82 88 89 90 97 98 99 183 184 185 186 187 188 189 190 193 194 195 198 199 200 201 203 279 280 310 311 312 313 314 315 316 318 319 320 321 335 407 409 410 704 829
 188 193 198 199 201 202 311 312 313 314 315 316 319 320 321 384 385 405 407 408 409 410 412
 45 131 132 133 136 205 206 241 242 243 244 491 492 493 495 496
 132 133 136 204 206 207 241 242 243 244 245 247 248 249 250 251 252 253 486 491 492 493 494
 136 204 205 207 237 238 239 241 242 243 244 250 251 252
 205 206 208 209 210 211 215 236 237 238 239 242 243
 207 210 211 215 236 237 238 242 243 244 250
 143 207 210 211 212 234 236 238 239 256
 207 208 209 211 215 236 237 238 242 243 250
 207 208 209 210 212 215 236 237 238 256
 137 143 209 211
 214
 213 215 217 236 256 262 283
 136 207 208 210 211 214 216 221 222 223 227 234 235 236 237 238 254 255 256 262 284
 215 217 221 222 223 227 234 236 254 256 262 263 285
 144 214 216 218 223
 144 217 219 221 222 223 227 234 254 256 262
 144 145 146 151 155 218 220 223 224
 144 219 221 222 223 256
 215 216 218 220 222 223 234 236 254 256 262 284 285
 137 143 144 145 146 147 215 216 218 220 221 223 224 227 234 236 254 256 262 284
 144 145 146 147 149 152 215 216 217 218 219 220 221 222 224 225 227
 121 122 144 145 146 147 148 149 152 154 156 219 222 223 225
 154 156 160 223 224 226
 121 122 145 154 156 225 227 230 490 491
 122 137 142 143 144 145 146 147 148 149 151 215 216 218 222 223 226 236 293 490 491
 229 488 490 491
 228 230
 154 226 229
 195 233 638 672 673 706 707 709 712
 672 673 706 707 709 712 758 759 809 811
 167 173 174 195 231 638 672 673 706 707 708 709 712 758 759 811 812
 135 137 138 142 143 144 145 146 147 209 215 216 218 221 222 235 236 237 238 254 255 256 262 268 283 284 285
 48 135 137 138 142 143 215 234 238 239 240 254 255 256 262 263 283 284 285 287
 135 136 137 138 142 143 207 208 209 210 211 214 215 216 221 222 227 234 237 238 242 254 255 256 262
 133 136 206 207 208 210 211 215 234 236 238 242 243 250
 135 136 137 206 207 208 209 210 211 215 234 235 236 237 250 254 255 256 262 283
 47 48 135 136 137 206 207 209 235 240 283 285 286
 37 42 43 46 47 48 67 135 235 239 241 245 283 287 288 289 300 301 425 432 433 434 435 436 451 452 453
 133 136 204 205 206 240 245 248 434 435
 131 133 135 136 204 205 206 207 208 210 236 237 243 244 250 251
 136 204 205 206 207 208 210 237 242 244 249 250 251
 133 136 204 205 206 208 242 243 248 249 250 251 252
 205 240 241 246 248 300 301 432 433 434 435 436 443 451 452 453 454
 245 247 248 300 301 434 435 436 438 439 442 443 451 452 453 454 455 456 457 496
 34 35 205 246 248 253 451 453 454 457 458 486 488 491 496
 34 205 241 244 245 246 247 249 251 252 253 486 487 488 490 491 493 494 496
 205 243 244 248 250 251 252 253 485 486 488 490 491
 205 206 208 210 237 238 242 243 244 249 251 252 485 490
 205 206 242 243 244 248 249 250 252 253 485 486 488 490
 205 206 244 248 249 250 251 253 485 486 487 488 490 491 493 495 496
 3 34 35 205 247 248 249 251 252 457 458 459 460 461 463 464 482 483 484 485 486 487 488 490 491 492 493 494 495 496
 137 142 143 144 145 146 147 215 216 218 221 222 234 235 236 238 255 256 257 262
 121 137 142 143 144 145 146 147 149 215 234 235 236 238 254 256 262 263 268 269 283 284 285 293
 137 138 142 143 144 145 146 147 149 209 211 214 215 216 218 220 221 222 234 235 236 238 254 255 262 263 293
 145 146 254 259 261 262 488 490 672 673 707 712 758 759 765 766 767 768 809 810 811 812
 195 259 672 673 707 712 758 759 765 766 767 768 809 810 811 812
 174 175 195 198 257 258 707 712 758 759 766 767 768 809 810 811 812
 175 195 198 261 482 483 489 699 758 759 765 766 767 768 769 770 773 774 809 810 811 812 814 815 816 817
 257 260 483 489 490 758 759 765 766 767 768 769 774 809 810 811 812 815
 137 142 143 144 145 146 147 149 151 214 215 216 218 221 222 234 235 236 238 254 255 256 257 490
 121 142 143 144 145 146 147 149 151 216 235 255 256 268 482 483 489 490 765 766 767 768 769
 460 464 482 483 485 489 490 766 768 769 991
 267 268 460 482 483 489 766 767 768 769 770 773 774 810 815 816 817
 267 270 322 460 464 470 472 482 483 489 505 515 528 768 770 773 774 775 815 816 817 822 946 991
 265 266 269 270 274 275 292 294 295 296 306 307 460 463 464 470 472 482 483 489 490 506 515 571 572 575 768 770 771 773 774 775 815 816 822 991
 121 143 144 145 146 147 151 234 255 263 265 269 283 284 293 460 464 470 472 482 483 489 490
 255 267 268 270 274 275 292 293 294 295 296 306 307 460 464 465 469 470 472 482 483 489
 266 267 269 271 274 275 295 305 306 307 460 464 470 472 482 483 489 515 528 574 773 775 776 816 822 946 991
 201 270 272 273 274 275 305 306 307 308 315 320 460 463 464 465 470 472 482 489 516 773 775 776 777 780 781 816 820 821 822 823 824 839 946 986 991
 271 273 274 275 276 306 307 308 309 310 315 320 398 416 424 463 464 470 472 482 489 775 776 777 780 781 783 784 786 821 822 823 839 846 946 986 991 993
 271 272 274 275 306 307
 267 269 270 271 272 273 275 294 295 305 306 307 472 489
 267 269 270 271 272 273 274 276 277 278 294 295 306 307 308 400 489
 272 275 277 282 308 396 398 399 400 401 424 470 472 489
 275 276 278 281 282 308 309 310 312 315 366 392 393 396 398 399 400 401 403 416 420 424 426 429 462 463 464 465 467 468 469 470 471 472 474 482 489 509 514 776 778 780 781 782 783 784 785 786 787 823 824 829 830 831 839 845 846 847 849 896 919 986 991
 275 277 309 310 311 312 315 396 398 400 401 416 420 424 460 463 464 465 466 468 469 470 472 482 489 490 513 520 776 778 780 781 782 783 784 785 786 821 823 824 829 830 831 832 839 845 846 847 849 991
 202 280 281 309 310 311 312 334 340 341 381 382 384 385 395 396 398 399 400 416 465 466 468 469 470 471 472 474 489 490 515 776 780 781 782 783 784 785 786 823 824 829 830 831 832 837 838 839 840 844 845 846 847 848 849 880 986
 17 35 202 279 281 310 311 312 337 338 339 340 343 344 346 348 356 358 359 365 366 370 384 390 393 394 395 396 397 398 399 400 401 416 424 466 468 469 470 471 472 474 475 476 478 489 490 497 704 780 781 782 783 784 785 786 823 824 829 830 831 832 838 839 840 844 845 846 847 848 849 880
 277 279 280 282 308 348 356 357 358 359 365 366 367 369 370 390 391 392 393 394 395 396 397 398 399 400 401 416 424 464 465 466 468 470 471 472 482 489 490 497
 276 277 281 308 366 392 393 398 399 400 401 424 465 472 489
 42 48 49 51 52 121 122 124 135 136 137 138 142 143 144 145 146 147 148 149 214 234 235 238 239 240 255 268 284 285 286 287
 120 121 122 123 124 129 137 138 142 143 144 145 146 147 148 149 151 152 156 215 221 222 234 235 255 268 283 285 293 482 489
 42 48 49 51 52 53 121 122 124 125 127 128 129 135 137 138 141 142 143 144 145 146 147 148 149 151 152 216 221 234 235 239 255 283 284 631
 41 42 43 47 48 49 50 51 52 67 121 122 124 125 135 137 138 142 143 145 146 147 148 149 239 283 289 290 299 300 301 430 431 432 433 434 435 452 463 465
 42 47 48 49 135 137 138 235 240 283 288 432 433 434 435 452
 240 287 289 290 299 300 301 432 433 434 435 436 451 452 453 454
 240 286 288 290 299 300 301 432 433 434 435 452 453
 48 52 286 288 289 291 297 299 300 301 302 430 431 432 433 434 435 452 463
 42 48 51 52 121 122 124 125 127 128 129 142 143 145 146 147 148 149 290 297 301 302 424 426 428 429 430 431 432 433 434 435 462 463 464 465 469 470 472 482 489 631
 51 52 53 121 122 124 127 128 129 144 145 146 147 149 151 152 267 269 294 429 430 431 432 433 460 461 462 463 464 465 466 468 469 470 472 482 489 619 630 631 641
 51 120 121 122 124 125 129 142 144 145 146 147 148 149 151 152 227 255 256 268 269 284 294 460 464 470 472 482 483 489
 121 122 267 269 274 275 292 293 295 460 464 469 470 472 482 489
 122 124 267 269 270 274 275 294 307 424 429 430 431 462 464 465 469 470 472 482 489 631
 121 122 124 267 269 298 301 302 303 368 392 398 401 420 424 426 428 429 430 431 432 433 462 463 464 465 466 468 469 470 472 489 631 655
 124 290 291 298 299 301 302 428 429 430 431 432 433 434 435 452
 296 297 301 302 303 305 368 429 430 431 432 433
 286 288 289 290 297 300 301 302 432 433 434
 240 245 246 286 288 289 290 299 301 432 433 434 435 451 452 453 454 456
 48 240 245 246 286 288 289 290 291 296 297 298 299 300 302 432 433 434
 290 291 296 297 298 299 301 303 304 305 431 432 433
 296 298 302 304 305 367 368 429 430 431 432
 302 303 305 306 308 357 358 367 368 369 392 393 398 399 400 401 416 424 429 430 431 432 472
 121 124 270 271 274 298 302 303 304 368 369 392 393 398 400 401 416 420 424 426 429 430 431 432 464 472 482 489 490 631
 267 269 270 271 272 273 274 275 304 307 308 368 369 392 393 398 400 401 424 426 429 430 431 460 462 463 464 465 472 476 489 631
 267 269 270 271 272 273 274 275 295 306 369 393 398 400 424 429 431 465 472 489
 271 272 275 276 277 281 282 304 306 358 359 366 367 368 369 392 393 396 397 398 399 400 401 424 429 464 472 489
 272 277 278 279 310 311 312 335 340 381 464 465 468 469 470 472 482 489 776 778 780 781 782 783 784 785 786 821 823 824 829 830 831 832 839 845 846 847 848
 202 272 277 278 279 280 309 311 312 315 320 334 335 337 340 385 776 778 779 780 781 782 783 784 785 786 821 822 823 824 829 830 831 832 839 845 846 847 848 849
 202 203 278 279 280 309 310 312 332 334 335 336 337 338 339 340 343 344 346 347 349 384 385 407 410 516 704 776 780 781 783 784 785 786 823 824 829 830 831 832 833 835 837 838 839 840 842 844 845 846 847 848 854 880 881
 201 202 203 277 278 279 280 309 310 311 314 315 320 334 335 385 405 407 409 410 412 513 704 776 778 780 781 782 783 784 785 786 821 823 824 825 829 830 831 832 844 845 846 847
 81 89 90 97 98 185 186 187 188 189 190 200 201 202 203 314 315 316 319 320 321 405 407 409 410 412
 201 202 203 312 313 315 316 319 320 405 407 409 410 780 781 823
 201 202 203 271 272 277 278 310 312 313 314 317 320 405 407 409 410 703 775 776 780 781 783 784 785 786 821 822 823 824 830 846
 81 89 97 98 188 198 199 200 201 202 203 313 314 317 318 319 405 407
 81 82 88 89 97 98 99 185 186 187 188 189 190 193 194 195 198 199 200 315 316 318 319 321
 80 81 82 88 89 90 97 98 99 183 185 186 187 188 189 190 191 192 193 194 195 196 198 199 200 201 202 316 317 319 325
 80 81 88 89 97 98 99 185 186 188 191 194 198 199 200 201 202 203 313 314 316 317 318 325 326 405 407 409 816 822
 199 201 202 203 271 272 310 312 313 314 315 321 405 407 409 410 472 703 775 776 777 780 781 784 786 816 820 821 822 823 824 830 846 986
 195 198 199 201 202 203 313 317 320 324 325 407 410 700 703 770 773 774 775 776 815 816 820 821 822
 195 198 199 266 323 324 482 505 515 519 528 572 574 575 699 700 767 768 770 773 774 775 810 815 816 817 818 820 822 946 991
 98 106 189 191 194 195 198 199 322 324 325 326 328 329 699 700 758 766 767 768 769 770 773 774 775 809 810 814 815 816 817 818 822
 89 97 98 106 186 188 189 191 192 194 195 197 198 199 201 321 322 323 325 326 699 700 766 767 768 770 773 774 775 810 815 816 817 822
 81 88 89 97 98 99 105 106 185 186 188 189 191 192 194 195 196 198 199 200 201 318 319 321 323 324 326 768 774 815 822
 81 89 97 98 99 105 106 185 186 188 189 190 191 192 193 194 195 196 197 198 199 319 323 324 325 327 329 768
 97 98 106 186 188 189 191 192 194 195 196 197 198 326 328
 98 106 175 178 189 191 192 194 195 197 198 323 327 329 330 331 707 758 759 766 767 768 809 810 811 812
 97 98 105 106 175 178 188 189 191 192 194 195 197 198 323 326 328 699 758 766 767 768 769 809 810 815
 175 178 195 198 328 699 707 758 759 765 766 767 768 769 809 810 811 812 815
 175 195 328 672 673 706 707 708 712 758 759 766 767 809 810 811 812
 311 333 334 335 336 340 341 384
 332 334 335 336 340 341 342 343
 279 310 311 312 332 333 335 336 340 341 343 378 379 381 382 384 385 387 786
 202 309 310 311 312 332 333 334 336 337 340 341 342 343 344 378 379 380 381 382 383 384 385 386 387 405 785 786 829 839 844 846
 311 332 333 334 335 337 340 341 342 343 344 381 384 385 387
 280 310 311 335 336 338 340 341 342 343 344 346 378 379 380 381 382 384 385 386 387 405 785 786 829 831 839 844
 280 311 337 339 340 343 344 346 348 384 785 786 829 830 839 844 845
 280 311 338 343 344 346 348 349 472 489 781 784 785 786 829 830 831 838 839 844 845 846 848
 279 280 309 310 311 332 333 334 335 336 337 338 341 343 344 345 346 347 372 384 784 785 786 829 831 835 839 840 842 844 845 846 880
 279 332 333 334 335 336 337 340 342 343 344 377 378 379 381 382 383 384 385 386 387 405
 333 335 336 337 341 343
 280 311 333 334 335 336 337 338 339 340 341 342 344 346 378 379 380 381 382 384 385 387 829
 10 17 20 280 311 335 336 337 338 339 340 341 343 345 346 372 373 375 376 377 378 379 380 381 382 384 385 386 387 396 405 406 407 416 785 786 839 840 844 880
 3 10 11 12 15 16 17 18 35 76 340 344 372 373 376 384 385 387 396 416 449 450 490 497
 2 3 17 18 20 34 35 38 71 77 280 311 337 338 339 340 343 344 347 349 350 371 372 384 416 420 446 447 449 450 471 472 475 476 478 480 489 490 497 505 515 516 571 780 781 782 783 784 785 786 823 824 829 830 831 832 835 837 838 839 840 842 844 845 846 847 848 849 880 915 991
 2 3 10 12 15 17 18 19 20 34 35 36 38 39 71 74 75 76 77 78 83 86 311 340 346 351 352 362 363 384 396 398 401 416 417 418 420 424 441 446 447 448 449 450 471 472 475 476 478 479 480 489 490 497 781 784 785 786 829 830 831 832 838 839 844 845 846 847 848 991
 280 281 338 339 349 353 354 355 356 358 359 360 364 365 366 370 388 389 390 392 394 395 396 398 400 401 416 424 466 467 468 471 472 474 475 476 478 489 490 497 515 781 784 785 786 824 829 830 831 832 838 839 845 846 847 848 849
 311 339 346 348 350 355 360 364 365 416 424 467 471 472 474 475 489 490 497 515 516 574 781 783 784 785 786 829 830 831 832 838 839 844 845 846 847 848 849 915 986
 2 17 18 19 35 346 349 351 353 354 355 359 360 361 363 364 365 401 416 418 420 424 446 447 449 467 471 472 474 475 476 478 489 490 497 515 516 781 783 784 785 786 829 830 831 838 839 844 845 846 847 848 849
 3 17 18 19 20 34 35 347 350 353 360 361 364 416 417 420 424 447 449 471 472 475 476 478 489 490 497 781 786 839 844 846 847
 2 3 12 17 18 19 35 347 353 360 361 362 363 364 416 420 424 447 472 476 490 497
 2 17 348 350 351 352 354 355 356 359 360 361 364 365 416 420 424 472 476 490 497
 348 350 353 355 356 357 358 359 360 364 365
 348 349 350 353 354 356 358 359 360 361 363 364 365 388 390 396 401 416 424 471 472 476 478 489 490 497
 280 281 348 353 354 355 357 358 359 360 364 365 366 367 370 388 390 391 392 393 394 395 396 397 398 399 400 401 424 472 489 497
 281 304 354 356 358 359 365 366 367 370 392 396 398 400
 280 281 304 308 348 354 355 356 357 359 365 366 367 398
 280 281 308 348 350 353 354 355 356 357 358 365 366 398
 348 349 350 351 352 353 354 355 356 361 362 363 364 497
 350 351 352 353 355 360 362 364 420 472 476 490 497
 2 3 12 15 16 17 18 19 20 35 39 347 352 360 361 363 371 401 416 418 420 424 447 449 450 472 476 480 490 497 499
 2 3 9 10 11 12 13 14 15 16 17 18 19 20 35 71 74 75 76 77 78 83 347 350 352 355 360 362 364 371 372 373 374 375 388 389 390 395 396 399 400 401 403 416 417 418 420 424 447 448 449 450 472 476 480 490 497 499
 2 15 17 348 349 350 351 352 353 354 355 356 360 361 363 388 389 390 394 395 396 397 398 399 400 401 416 424 497
 280 281 348 349 350 353 354 355 356 357 358 359 370 390 391 392 393 394 395 396 397 398 400 401 420 424 497
 277 280 281 282 308 348 356 357 358 359 368 392 393 398 400 401 420 424 426 429 431
 281 303 304 308 356 357 358 368 369 392 393 398 400 401 424 429 431
 296 298 303 304 305 306 308 366 367 369 370 392 398 400 401 424 429 430 431
 281 304 305 306 307 308 367 368 370 392 393 396 398 399 400 401 424 429 431
 280 281 348 356 357 365 368 369 388 390 391 392 393 394 395 396 397 398 399 400 401 416 420 424 429
 2 3 10 12 15 17 18 19 20 35 39 71 76 77 346 362 363 372 373 374 389 395 396 401 416 418 420 447 449 450 476 480 490 497
 3 12 17 20 340 344 345 346 363 371 373 384 416 476 490 497
 2 3 4 6 10 12 13 14 15 16 17 18 19 20 35 75 76 77 344 345 363 371 372 374 375 384 395 396 401 416 447 449 450 476 480 490 497
 10 13 14 15 16 18 20 75 76 77 363 371 373 375 379 380 387 389 395 396 400 401 416 424 447 449 450 476
 2 6 10 11 12 13 14 15 16 17 18 20 75 76 77 344 363 373 374 376 378 379 380 384 387 389 395 396 401 416 420 447 449 450 476 480 497
 344 345 375 379 380 384 387 396
 341 344 378 379 381 382 383 385 387
 334 335 337 341 343 344 375 377 379 380 381 385 386 387 396
 334 335 337 341 343 344 374 375 376 377 378 380 381 385 386 387 395 396 405
 14 15 16 335 337 343 344 374 375 376 378 379 381 385 386 387 395 396 405 416
 279 309 334 335 336 337 341 343 344 377 378 379 380 382 383 385 386 387 405
 279 334 335 337 341 343 344 377 381 383 384 385 386
 335 341 377 381 382 384 385 386
 15 203 279 280 311 332 334 335 336 337 338 340 341 343 344 345 346 347 372 373 375 376 382 383 385 386 416 515 784 785 786 829 831 832 835 838 839 840 842 844 845 846 847 848 868 880 881
 203 279 310 311 312 334 335 336 337 341 343 344 345 377 378 379 380 381 382 383 384 386 387 405 407 410 785 786
 335 337 341 344 378 379 380 381 382 383 384 385 387
 334 335 336 337 341 343 344 345 374 375 376 377 378 379 380 381 385 386 395 396 405 406 407 408 410 416
 348 355 356 363 364 370 389 390 391 392 393 394 395 396 397 398 399 400 401 416 420
 10 14 15 16 348 363 364 371 374 375 388 390 391 393 394 395 396 397 398 400 401 416 420 424 449 450 497
 280 281 348 355 356 363 364 365 370 388 389 391 393 394 395 396 397 398 399
 281 356 365 370 388 389 390 392 393 394 396 397 398 399 400 401 416 424
 277 281 282 296 304 305 306 308 348 356 357 365 366 367 368 369 370 388 391 393 397 398 399 400 401 416 420 424 429 431
 277 280 281 282 304 305 306 307 308 356 365 366 367 369 370 388 389 390 391 392 397 398 399 400 401 420 424 431
 280 281 348 356 364 365 370 388 389 390 391 395 396 397 399 400 401
 9 14 15 16 279 280 281 348 356 363 364 365 370 371 373 374 375 379 380 387 388 389 390 394 396 397 398 399 400 401 402 403 416 420 424 449
 9 14 15 16 276 277 278 279 280 281 308 344 345 347 348 355 356 357 363 364 365 369 370 371 373 374 375 376 378 379 380 387 388 389 390 391 394 395 397 399 400 401 402 403 404 405 408 410 416 417 418 420 449 450
 280 281 308 356 364 365 370 388 389 390 391 392 393 394 395 396 398 399 400 401
 272 276 277 278 279 280 281 282 296 304 305 306 307 308 347 348 356 357 358 359 364 365 366 367 368 369 370 388 389 390 391 392 393 395 397 399 400 401 402 403 416 420 424 426 429 431
 276 277 279 280 281 282 304 308 356 363 364 369 370 388 390 391 392 393 394 395 396 397 398 400 401 402
 275 276 277 278 279 280 281 282 304 305 306 307 308 348 356 357 363 364 365 366 367 368 369 370 374 388 389 391 392 393 394 395 396 397 398 399 401 402 403 416 429
 276 277 278 280 281 282 296 304 305 306 308 347 348 350 355 356 362 363 364 365 366 367 368 369 370 371 373 374 375 388 389 391 392 393 394 395 396 397 398 399 400 402 403 404 406 412 416 417 420 429
 395 396 398 399 400 401 403 404 406 407 408 410 416
 277 363 395 396 398 400 401 402 404 406 407 408 409 410 411 412 416 420 424
 396 401 402 403 406 408 412
 203 312 313 314 315 316 319 320 335 337 341 344 379 380 381 385 387 396 406 407 408 409 410
 344 387 401 402 403 404 405 407 408 410 412 416 418
 202 203 311 312 313 314 315 316 319 320 321 344 385 387 402 403 405 406 408 409 410 411 412
 203 387 396 402 403 404 405 406 407 410 412 416
 202 203 312 313 314 315 319 320 403 405 407 410 411 412
 202 203 311 312 313 314 315 320 321 385 387 396 402 403 405 406 407 408 409 411 412
 403 407 409 410 412 413 414
 203 312 313 401 403 404 406 407 408 409 410 411 414 416
 411 414
 0 1 6 7 8 9 411 412 413 415 498 499
 1 7 9 14 414 416 479 498 499
 6 7 8 9 14 16 25 272 277 278 279 280 281 304 305 344 345 346 347 348 349 350 351 352 353 355 362 363 364 370 371 372 373 374 375 380 384 387 388 389 391 392 395 396 398 400 401 402 403 406 408 412 415 418 420 422 423 424 425 426 435 443 444 448 499 768 773 774 775 776 782 785 786 815 816 822 823 839 840
 347 351 363 396 401 418 420 444
 347 350 362 363 371 396 406 416 417 419 420 421 422 423 424 425 426 429 435 443 444 448 450 785
 418 421 422 423 425 443
 277 278 296 305 346 347 350 351 352 353 361 362 363 365 366 370 371 375 388 389 392 393 395 396 398 401 403 416 417 418 421 423 424 425 426 429 443 786
 418 419 420 422 423 424 425 426 428 435
 416 418 419 421 423 424 425 435 443 444 448 449
 416 418 419 420 421 422 424 425 426 427 428 435 449
 272 276 277 278 280 281 282 291 295 296 304 305 306 307 308 347 348 349 350 351 352 353 355 356 362 363 364 365 366 367 368 369 370 374 389 391 392 393 395 398 403 416 418 420 421 422 423 425 426 427 428 429 430 463 472 482 489 786
 240 416 418 419 420 421 422 423 424 426 427 428 429 430 435
 277 291 296 305 306 366 398 416 418 420 421 423 424 425 427 428 429 430
 423 424 425 426 428 429 430
 291 296 297 421 423 424 425 426 427 429 430 431 433
 121 122 124 129 277 291 292 295 296 297 298 303 304 305 306 307 308 366 367 368 369 370 392 398 400 401 418 420 424 425 426 427 428 430 431 464
 42 48 49 51 53 121 122 124 128 129 149 286 290 291 292 295 296 297 298 303 304 305 306 368 424 425 426 427 428 429 431 432 433 435 631
 42 51 52 53 121 122 124 128 129 145 146 149 286 290 291 292 295 296 297 298 302 303 304 305 306 307 366 367 368 369 392 393 398 428 429 430 432 630 631
 40 42 47 48 49 51 52 53 67 124 128 129 146 240 245 286 287 288 289 290 291 292 296 297 298 299 300 301 302 303 304 305 430 431 433 434 435
 35 37 38 39 40 41 42 43 47 48 49 51 52 53 60 66 67 68 121 124 127 128 129 142 146 240 245 286 287 288 289 290 291 292 296 297 298 299 300 301 302 428 430 432 434 435
 35 38 40 41 42 43 47 48 49 52 67 240 241 245 246 286 287 288 289 290 291 297 299 300 301 432 433 435 443 451 452 453 456
 34 35 37 38 39 40 42 43 46 47 48 49 51 52 53 67 101 128 240 241 245 246 286 287 288 289 290 291 297 300 416 418 421 422 423 425 430 432 433 434 436 437 442 443 444 456 491 496
 240 245 246 288 435 437 438 442 443 451 453 454 456 491
 435 436 438 439 442 443 451 453
 246 436 437 439 440 441 442 444 451 453 454
 246 437 438 440 441 442 444 445 446 447 448 449 450 451 454 466 467 475 476 497
 438 439 441 442 444 445 446 447 448 449 450 466 467 476 480
 347 438 439 440 442 443 444 445 446 447 448 451 476
 246 435 436 437 438 439 440 441 443 444 451
 245 246 416 418 419 420 422 434 435 436 437 441 442 444 448 449
 416 417 418 422 435 438 439 440 441 442 443 445 446 447 448 449 450
 439 440 441 444 446 447 448 449
 346 347 350 439 440 441 444 445 447 448 449 466 467
 346 347 350 351 352 362 363 371 373 374 375 439 440 441 444 445 446 448 449 476
 347 363 416 418 422 439 440 441 443 444 445 446 447 449 450
 16 345 346 347 350 351 362 363 371 373 374 375 389 395 396 422 423 439 440 443 444 445 446 447 448 450 476
 1 6 7 8 9 10 14 15 16 25 345 346 347 362 363 371 373 374 375 389 396 418 439 440 444 448 449 476 499
 35 240 245 246 247 288 300 434 436 437 438 439 441 442 453 454 455 456 457 466
 35 38 240 245 246 286 287 288 289 290 297 300 434 453 454 456
 240 245 246 247 288 289 300 434 436 437 438 451 452 454 455 456 457 491 496
 245 246 247 288 300 436 438 439 451 452 453 455 456 457 462
 246 451 453 454 456 457 461 462 463 465
 246 300 434 435 436 451 452 453 454 455 457
 246 247 253 451 453 454 455 456 458 459 461 462 463 465 486 487 488 490 491 496
 247 253 457 459 461 486 488 490 491 496
 253 457 458 460 461 463 464 486 488 490 491
 253 264 265 266 267 268 269 270 271 278 292 293 294 306 459 461 463 464 470
 253 292 455 457 458 459 460 462 463 464 465 468 469 470 491
 277 291 292 295 296 306 454 455 457 461 463 465 466
 253 267 271 272 277 278 286 290 291 292 296 306 424 455 457 459 460 461 462 464 465 468 469 470
 253 264 266 267 268 269 270 271 272 277 278 281 291 292 293 294 295 296 305 306 308 309 429 459 460 461 463 465 469 470 482
 269 271 277 278 279 281 282 286 291 292 295 296 306 307 309 455 457 461 462 463 464 466 468 469 471 474
 278 279 280 281 292 296 348 439 440 446 451 462 465 467 468 469 471 474 475 476
 277 348 349 350 439 440 446 466 468 474 475 476
 277 278 279 280 281 292 296 309 348 461 463 465 466 467 469 471 472 474
 269 277 278 279 280 291 292 294 295 296 309 461 463 464 465 466 468 470 471 472 482 822
 266 267 268 269 270 271 272 276 277 278 279 280 281 291 292 293 294 295 296 309 460 461 463 464 469 472 474 482 483 489
 277 279 280 281 346 347 348 349 350 351 355 465 466 468 469 472 473 474 475 476 477 478 774 775
 266 267 268 269 270 271 272 274 276 277 278 279 280 281 282 291 292 293 294 295 296 304 305 306 307 308 309 320 339 346 347 348 349 350 351 352 353 355 356 361 362 363 424 468 469 470 471 473 474 475 476 478 482 489 816 822 839
 471 472 474 477 478
 277 279 280 348 349 350 465 466 467 468 470 471 472 473 475 478
 280 346 347 348 349 350 351 439 466 467 471 472 474 476 477
 2 6 10 14 15 16 280 306 346 347 348 350 351 352 353 355 361 362 363 371 372 373 374 375 439 440 441 447 449 450 466 467 471 472 475 478 480 497 499 822
 471 473 475 478
 2 280 346 347 348 350 351 355 471 472 473 474 476 477 479 480 481 499
 1 2 6 7 10 14 347 415 478 480 481 497 498 499
 1 2 6 7 9 10 14 15 346 347 362 363 371 373 375 440 476 478 479 497 498 499
 1 6 7 8 9 10 14 478 479 497 498 499
 253 260 263 264 265 266 267 268 269 270 271 272 277 278 281 284 291 292 293 294 295 305 309 322 424 464 469 470 472 483 484 485 489
 253 260 261 263 264 265 266 267 268 269 270 293 470 482 484 485
 253 482 483
 249 250 251 252 253 264 482 483 488 490
 3 34 205 247 248 249 251 252 253 457 458 459 487 488 490 491 492 493 494 495 496
 248 252 253 457 486 488 491 492 496
 228 247 248 249 251 252 253 257 457 458 459 485 486 487 490 491
 3 35 260 261 263 264 265 266 267 268 269 270 271 272 274 275 276 277 278 279 280 281 282 284 291 292 293 294 295 296 305 306 307 308 309 339 346 347 348 349 350 351 355 356 424 470 472 482 490 497 773 775
 2 3 17 34 35 36 37 38 39 86 226 227 228 248 249 250 251 252 253 257 261 262 263 264 267 268 278 279 280 281 305 345 346 347 348 349 350 351 352 353 355 361 362 363 371 372 373 457 458 459 485 486 488 489 496 500
 136 204 205 226 227 228 247 248 249 252 253 435 436 453 457 458 459 461 486 487 488 492 493 495 496
 132 136 204 205 253 486 487 491 493 495 496
 3 45 46 131 132 133 136 204 205 248 252 253 486 491 492 494 495 496
 3 34 35 36 44 45 205 248 253 486 493 495 496 500
 3 17 34 35 36 37 38 44 45 131 204 252 253 486 491 492 493 494 496
 2 3 17 34 35 36 37 38 44 45 92 109 131 136 204 246 247 248 252 253 435 453 457 458 486 487 490 491 492 493 494 495 497 500
 1 2 3 4 6 10 12 14 15 17 18 19 20 34 35 36 37 38 39 71 74 77 86 280 281 345 346 347 348 349 350 351 352 353 355 356 360 361 362 363 364 365 371 372 373 375 389 439 476 479 480 481 489 496 498 499 500 839
 0 1 2 3 414 415 479 480 481 497 499 500
 0 1 2 3 6 7 8 9 10 13 14 15 16 25 362 363 414 415 416 450 476 478 479 480 481 497 498
 2 3 17 34 35 490 494 496 497 498
 502 503 504 505 506 513 515 516 528 530 912 915 946 992 993 999
 501 503 504 505 506 528 999
 501 502 504 505 506 515 527 528 530 532 839 840 854 867 868 869 870 876 887 912 914 915 946 992 993 999
 501 502 503 505 506 508 513 515 516 785 839 840 854 855 867 868 869 870 871 876 887 912 915 946 969 992 999
 266 322 346 501 502 503 504 506 507 508 511 513 514 515 516 528 839 840 842 853 854 855 867 868 869 870 871 873 874 876 884 887 912 915 946 977 991 992 993 999
 267 501 502 503 504 505 507 508 511 512 513 514 515 516 528 839 840 854 867 868 869 870 874 887 912 915 946 992 993 999
 505 506 511 512 513 514 515
 504 505 506 511 513 514 515 516 517 572 573 574 575 839 855 867 868 869 946 991 992 993 998 999
 277 510 511 515 517 518 519 533 537 571 572 573 574 575 578 579 839 853 854 855 867 868 869 870 969 986 991 992 993 994 997 998 999
 509 511 518 839 991 992 993
 505 506 507 508 509 510 512 513 514 515 516 517 572 573 574
 506 507 511 513 514 515 517 518 519
 278 312 501 504 505 506 507 508 511 512 514 515 516 517 518 519 839 840 853 854 855 865 867 868 869 870 874 876 880 887 946 969 991 992 993 999
 277 505 506 507 508 511 512 513 515 517 573 574 839 854 855 867 868 869 870 887 991 992 999
 266 267 270 279 322 346 348 349 350 384 501 503 504 505 506 507 508 509 511 512 513 514 516 517 522 573 574 839 840 844 848 853 854 855 863 867 868 869 870 871 874 876 880 886 887 946 991 992 993 999
 23 27 271 311 346 349 350 501 504 505 506 508 511 513 515 839 840 854 855 865 867 868 869 870 871 876 880 887 946 991 992 999
 76 77 508 509 511 512 513 514 515 519 570 571 572 573 574 575 839 854 855 867 868 869 870 986 991 992 999
 509 510 512 513 533 572 839 869 870 986 991 992 993
 322 509 512 513 517 564 565 570 571 572 575 578 579 839 854 868 869 986 991 992
 76 278 564 565 568 570 571 572 575 839 868 869 870 991 992
 22 23 24 26 27 76 78 79 80 523 524 525
 23 24 26 27 78 515 524
 22 23 24 26 27 28 76 78 79 80 521 524 525 526 527 528 576 578
 23 26 27 28 78 80 521 522 523 526 527 528 529 576 839 868 870
 22 23 24 26 27 28 76 78 79 80 83 179 181 521 523 526 530 531 576 577 578 580 581 680 681 682 683 685 686 688 689 690 692 694 697 700 701 703 704 818 819 826 827
 23 24 26 27 28 78 79 179 523 524 525 528 529 530 531 532 680 681 682 685 686 688 689 690 701 868
 503 523 524 528 529 531
 26 266 270 322 501 502 503 505 506 523 524 526 527 529 839 840 854 855 867 868 869 870 874 876 886 887 912 915 946 992 993 999
 524 526 527 528
 23 26 27 28 32 501 503 525 526 531 532 577 680 681 682 683 685 686 688 689 690 701
 525 526 527 530
 503 526 530 680 681 683 685 686 688
 509 518 537 538 564 571 839 854 855 986 991 992 993 998
 535 536 537 539 559 560 564 565 568 570 571 579 586 991 992 993 994
 534 536 539 542 558 559 560 563 564 593 991 992
 534 535 537 538 539 559 560 563 564 986 991 992 993 994 996 997 998
 509 533 534 536 538 539 564 579 986 991 992 993 994 996 997 998
 533 536 537 539 541 563 957 983 991 992 993 994 996 997 998
 54 534 535 536 537 538 542 543 553 558 559 562 563 586 591 592 593 594 596 991 992 993 994 996 997 998
 541 548 549 604 608 666 742 957 983 994 995 996
 538 540 591 592 593 594 596 597 991 992 994 996 997 998
 51 54 55 535 539 543 552 553 558 559 560 562 563 591 592 593 594 595 596 597 603 604 606 608 622 924 925 927 928 935 991 992 994 996
 539 542 544 558 559 560 591 593 594 595 596 597 603 604 607 608 622 623 624 627 630 631 661 924 925 927 928 933 934 935 937 949
 543 545 546 558 608 622 624 627 631 659 660 661 662 924 925 927 928 932 933 934 935 937 949 950
 544 547 603 604 605 606 607 608 622 624 626 627 628 629 630 631 659 661 662 663 742 800 921 922 924 925 926 927 928 932 933 934 935 936 937 938 939 940 941 942 947 948 949 950 951 954 955 957 961 963
 544 552 591 593 594 595 596 597 603 604 605 606 607 608 621 622 623 624 627 628 630 631 922 924 925 927 928 933 934 935 936 937 938 939 942 947 949 955 957 996
 545 548 597 603 604 605 606 607 608 609 613 614 615 622 627 628 629 630 631 742 921 924 925 927 928 933 934 935 936 937 938 939 942 947 948 949 950 954 955 956 957 961 963
 540 547 595 596 597 603 604 605 606 607 608 609 614 615 622 627 628 629 630 631 742 919 924 927 928 933 934 935 936 937 938 939 942 947 948 949 950 954 955 957 963 983 995 996
 540 603 604 606 607 608 609 742 957 995 996
 41 43 51 55 128 129 555 556 557 558 559 560 567 622 623 624 625 627 628 631 656 659 660 927 928 930 933
 51 54 55 56 57 90 92 94 95 96 100 101 128 129 130 552 553 554 555 556 557 560 561 565 566 570 594 595 596 604 605 608 621 622 628
 51 55 96 101 129 542 546 551 553 594 595 596 604 605 621 622
 55 56 57 94 95 96 539 542 551 552 554 556 557 561 562 563 565 593 594 595 596 991
 56 57 61 62 64 85 86 87 91 92 95 551 553 555 556 561 562 563 564 565 566 622 991
 56 550 551 554 556 557 558 559 560 561 567 622
 41 54 55 56 57 58 61 62 63 64 65 70 86 91 92 94 95 550 551 553 554 555 557 558 559 560 561 565 567 622 627 631
 41 43 51 53 54 55 56 57 58 62 65 68 86 91 92 94 95 96 128 129 550 551 553 555 556 558 559 560 561 565 566 567 594 596 604 622 627 631 927 928
 41 52 535 539 542 543 544 550 555 556 557 559 560 567 568 593 594 595 596 597 604 608 622 623 624 625 626 627 631 659 660 661 662 663 924 925 927 928 930 931 933 934 935 937
 534 535 536 539 542 543 550 555 556 557 558 560 568
 534 535 536 542 543 550 551 555 556 557 558 559 561 565 566 567 568 622 627 628 928
 54 56 61 62 64 65 70 85 86 87 551 553 554 555 556 557 560 565 622 627
 55 56 86 87 91 92 94 95 539 542 553 554 563 564 565 586 593 594 596 604 991 992 996
 56 57 61 62 63 64 65 70 84 85 86 87 88 91 92 95 535 536 538 539 542 553 554 562 564 565 571 579 586 592 593 991 992 993 994 996
 62 64 65 69 70 71 77 78 79 80 81 82 83 84 85 86 87 88 91 519 520 533 534 535 536 537 554 562 563 565 567 568 569 570 571 579 593 839 986 991 992
 55 62 64 65 68 69 70 71 76 78 79 82 83 84 85 86 87 519 520 534 551 553 554 556 557 560 561 562 563 564 566 567 568 569 570 571 572 604 605 606 622 855 991 992
 86 551 554 557 560 565 606 622 630
 51 55 68 69 70 71 72 83 84 85 86 550 555 556 557 558 560 564 565 568 570 571 572 622 627 630 631
 68 71 76 77 78 83 520 534 558 559 560 564 565 567 570 571 572 575 579 928 991 992
 20 22 23 68 70 71 72 76 77 78 79 83 84 86 564 565 570 571 572 575 579 991 992
 23 27 55 68 70 71 76 77 78 79 80 83 84 86 517 519 520 534 551 564 565 567 568 569 571 572 573 575 579 622 839 854 855 867 868 869 870 991 992
 23 70 71 76 77 78 79 80 82 83 84 85 86 267 346 509 517 519 520 533 534 563 564 565 567 568 569 570 572 579 839 840 848 853 854 855 867 868 869 870 986 991 992
 22 23 24 26 27 71 72 76 77 78 79 80 83 84 267 322 508 509 511 517 518 519 520 565 567 568 569 570 571 573 575 579 839 840 853 854 855 867 868 869 870 986 991 992 999
 76 77 78 508 509 511 514 515 517 570 572 839 840 855 868 869 870 991
 22 23 76 270 322 349 508 509 511 514 515 517 839 840 848 853 854 855 856 866 867 868 869 870 871 887 986 991 992 999
 22 23 24 26 27 71 76 77 78 79 80 83 267 322 508 509 517 519 520 568 569 570 572 579 839 848 854 855 867 868 869 870 986 991 992 999
 22 23 24 26 27 76 77 78 79 80 83 181 523 524 525 577 578 579 580 581 686 688 690 701 819 992
 23 26 27 78 79 80 81 82 83 84 181 183 525 530 576 578 580 581 583 681 682 684 685 686 687 688 689 690 691 692 693 694 697 698 699 700 701 702 703 704 705 817 818 819 820 826 827 828
 22 23 26 27 71 76 77 78 79 80 81 82 83 84 86 509 519 523 525 576 577 688 689 701 703 839 867 870 986 991 992
 27 64 65 69 70 71 76 77 78 79 80 81 82 83 84 85 86 87 88 89 90 91 509 519 534 537 563 564 568 569 570 571 572 575 576 586 587 592 593 839 855 869 986 991 992
 23 27 70 71 78 79 80 81 82 83 84 85 86 87 181 183 525 576 577 581 686 688 689 690 693 698 699 701 702 703 704 819 826 827
 79 80 81 82 83 84 85 86 87 88 181 183 525 576 577 580 582 583 584 585 587 588 589 590 598 685 686 687 688 689 690 691 692 693 694 695 697 698 699 700 701 702 703 704 705 817 818 819 820 826 827 828
 81 82 85 87 183 581 583 584 585 588 589 590 684 685 686 687 688 689 690 691 692 693 694 695 696 697 698 700 701 702 703 704 705 817 818 819 820 826 827 828
 87 88 89 91 95 183 577 581 582 584 588 589 590 599 685 686 687 689 691 694 695 696 701 703 704 705 816 817 818 819 820 826 827 828
 81 82 85 86 87 88 89 90 91 92 95 183 581 582 583 587 588 590 592 686 687 689 690 693 695 698 701 703 704 705 814 817 818 819 820 826 827 828
 64 70 71 81 82 84 85 86 87 88 89 91 183 581 582 587 686 689 701 703 704 705 817 819 826 827 991
 57 61 62 63 64 70 71 81 82 84 85 86 87 88 89 91 92 95 183 534 539 562 563 579 587 591 592 593 991 992 993
 56 62 63 64 81 82 85 86 87 88 89 90 91 92 95 96 183 579 581 584 585 586 686 703 704
 87 88 89 90 91 92 94 95 96 101 183 581 582 583 584 589 590 591 592 597 686 688 689 695 696 701 703 704 705 816 817 818 819 820 826 827 828
 90 96 183 581 582 583 588 590 599 686 687 689 691 695 696 701 703 704 705 813 814 815 816 817 818 819 820 826 827 828
 90 94 95 96 97 99 100 101 183 187 581 582 583 584 588 589 591 597 598 599 601 686 687 688 689 691 695 701 703 704 705 814 815 816 817 818 819 820 826 827 828
 54 55 56 89 90 91 93 94 95 96 97 99 100 101 102 183 187 539 541 542 543 546 586 588 590 592 593 594 597 686 991
 55 56 57 62 63 64 86 87 88 89 90 91 92 94 95 96 183 539 541 542 563 579 584 586 588 591 593 597 991 992
 55 56 57 62 63 86 87 88 89 90 91 92 93 94 95 96 101 535 539 541 542 543 546 553 558 562 563 564 579 586 591 592 594 596 597 604 991 992 994 996
 54 55 56 90 94 95 96 101 539 541 542 543 546 551 552 553 557 558 562 591 593 595 596 597 603 604 608 991 992 994 996
 100 104 129 542 543 546 548 551 552 553 558 594 596 597 604 605 621 622 628 994
 54 55 90 94 96 99 100 101 129 539 541 542 543 546 548 551 552 553 557 558 562 593 594 595 991 992 993 994 995 996
 51 55 56 90 94 96 97 99 100 101 129 130 183 187 541 542 543 546 547 548 558 588 590 591 592 593 594 595 598 686 688 994 995 996
 96 97 98 99 100 101 103 104 105 183 187 581 590 597 599 601 602 603 688 689 691 695 696 704 812 814 818
 99 100 104 105 187 583 589 590 598 600 601 602 687 688 689 691 695 696 701 704 812 813 814 815 818 819 820
 114 115 117 190 599 601 610 611 612 620 676 677 690 691 692 695 696 812 813 814
 104 105 107 108 109 113 114 187 590 598 599 600 602 610 679 688 689 690 691 695 696 810 812 813 814
 98 99 100 101 103 104 105 106 108 109 123 187 598 599 601 609 610 688 689 695 812 814 815 817
 51 55 97 98 99 100 101 103 104 105 129 130 187 542 543 545 546 547 548 549 594 598 688 993 994 995
 55 99 100 101 103 104 129 130 540 542 543 545 546 547 548 549 551 552 557 558 562 565 593 594 595 605 621 993 994 995 996
 545 546 547 548 551 552 565 595 604 606 621 628
 104 105 108 109 113 122 123 124 129 130 542 545 546 547 548 549 565 566 605 607 608 614 621 622 628 629 630 642 662 665 666 994 995
 103 104 105 107 108 109 113 121 122 123 124 129 543 545 546 547 548 549 606 615 629 662 665 666 668 993 994 995
 55 98 99 100 101 103 104 105 106 108 109 110 113 122 123 124 128 129 130 187 540 542 543 544 545 546 547 548 549 551 558 594 606 621 666 993 994 995
 98 99 103 104 105 106 107 108 109 110 113 122 123 124 129 130 187 547 548 549 602 688 995
 104 105 106 107 108 109 113 114 115 116 118 187 190 600 601 602 612 613 688 689 690 695
 114 115 116 117 118 119 164 170 190 193 600 612 619 620 676 677 690 692 695 812
 107 113 114 115 116 117 118 119 120 121 158 187 190 600 610 611 690
 104 105 106 107 108 109 110 113 114 115 118 121 122 123 124 187 190 547 610 665 666 688 690
 107 108 109 113 114 115 118 120 121 122 123 124 547 548 606 615 630 662 663 664 665 666 995
 107 108 113 114 118 121 122 547 548 607 614 616 617 618 630 632 633 641 642 643 644 659 660 661 662 663 664 665 666
 113 114 115 118 150 615 617 618 633 643 659 662 663 665 666
 114 115 116 117 118 119 120 148 149 150 151 152 156 157 158 159 163 164 165 170 615 616 619 629 630 632 633 642 643 659 663 665
 107 108 113 114 115 116 117 118 119 120 121 122 148 149 150 158 187 190 615 616 633 643 659 660 662 663 664 665 666 690 994
 114 115 116 117 118 119 120 121 148 149 150 151 152 156 157 158 159 163 164 165 170 171 190 193 292 611 617 620 659 663 690 692 767 811
 114 115 116 117 118 119 151 156 157 159 163 164 165 170 171 190 193 600 611 619 669 676 690 692
 51 55 100 101 104 129 130 546 551 552 595 604 605 606 608 622 627 628
 43 47 51 54 55 56 96 99 100 101 102 103 104 109 110 122 123 124 128 129 130 542 543 544 545 546 547 548 550 551 552 554 555 556 557 558 560 561 565 566 567 570 595 606 621 623 624 626 628 631 660 662 795 927 928 929 994
 51 129 543 546 550 558 622 624 625 626 627 631 656 659 660 661 927 928 930 931 933
 543 544 545 546 550 558 622 623 625 626 627 631 656 659 660 661 662 663 800 924 925 927 928 930 931 933 934 935 937
 550 558 623 624 626 627 631 655 656 659 660 661 721 757 795 796 800 803 804 805 927 928 930 931 933 934
 148 545 558 622 623 624 625 627 631 656 659 660 661 662 663 713 722 757 762 791 795 796 800 803 804 805 806 927 928 929 930 931 933 934
 104 108 109 113 122 123 124 129 130 543 544 545 546 547 548 550 556 557 558 560 561 567 621 623 624 625 626 641 646 656 659 660 661 662 663 666 715 757 792 795 796 800 803 804 805 923 926 927 928 929 930 931 933 934
 101 103 104 105 108 109 122 123 124 129 130 545 546 547 548 550 551 560 595 605 606 621 622 629
 108 109 110 113 114 120 121 122 123 124 125 129 545 547 548 606 607 617 628 630 633 641 642 643 644 665 666
 104 107 108 109 110 113 114 118 120 121 122 123 124 125 129 130 148 149 150 292 431 543 545 546 547 548 566 567 606 614 615 617 629 632 633 641 642 643 644 645 646 648 649 662 663 665 666 712 713 715 771 791 792 794 795 796 797 798 805 806 807 808 928 930
 104 108 109 113 114 118 120 121 122 123 124 125 128 129 130 148 149 150 285 291 292 295 296 305 306 430 431 543 544 545 546 547 548 550 556 557 558 567 622 623 624 625 626 641 644 645 646 648 649 659 660 661 662 663 665 666 710 713 714 715 716 717 721 722 750 757 762 769 791 792 794 795 796 797 798 799 800 803 804 805 806 808 926 928 929 930 931 933 995
 113 114 118 120 121 122 123 124 148 149 150 615 617 630 633 641 642 643 644 648 649 665 666 794 795 796 805 806 808
 114 118 120 121 150 615 616 617 618 629 630 632 641 642 643 644 648 649 650 651 663
 162 165 166 167 168 169 172 173 193 194 195 638 639 674 675 693 698
 117 145 151 152 156 159 160 161 162 163 164 165 166 168 169 170 171 172 176 177 193 194 638 639 669 670 674 675 676 692 693
 115 116 117 119 145 148 149 150 151 152 156 157 158 159 160 163 164 165 169 170 171 193
 117 145 149 151 152 156 157 159 160 161 162 163 164 165 166 168 169 170 171 172 193 639
 161 162 165 166 167 168 172 173 174 175 176 194 195 231 233 634 635 693 698 706
 162 163 165 166 168 169 172 634 635 637 646
 149 151 152 156 163 641 646 710 715
 115 117 118 119 145 146 148 149 150 151 152 155 156 157 158 159 160 162 163 164 165 169 170 292 615 627 629 630 631 632 633 640 642 643 646
 115 117 118 119 145 148 149 150 151 152 156 157 159 163 164 165 170 606 615 617 629 630 632 633 641 643
 115 117 118 119 121 148 149 150 151 156 157 164 615 616 617 618 629 630 632 633 641 642 644 648 649
 117 118 119 142 145 146 147 148 149 150 151 152 156 157 158 159 160 163 164 165 170 615 629 630 631 632 633 643 649
 148 149 150 151 152 156 159 163 164 630 631 646 647 653 713 715 722
 627 630 631 639 640 641 645 647 652 653 655 710 711 714 715
 148 149 151 156 163 164 645 646 648 653
 114 117 118 119 121 138 141 142 145 146 147 148 149 150 151 152 156 157 158 159 160 163 164 165 170 630 631 632 633 643 647 649 652 653
 117 118 119 120 121 148 149 150 151 156 157 630 631 632 633 643 644 648
 114 117 118 119 120 121 122 125 141 142 147 148 149 150 151 156 157 158 159 633 762
 117 118 119 120 121 141 142 146 147 148 149 150 151 152 156 157 158 159 160 163 164 633 653 713 722 757 762 795 804 805 808 928
 117 142 145 146 147 148 149 150 151 152 156 157 159 163 164 646 648 653 713 722 795 805 808 928
 645 646 647 648 651 652 654 655 657 658 659 663 713 714 715 716 717 718 720 721 722 723 724 729 730 749 750 751 752 757 760 761 762 764 795 796 803 804 805 806 808 928 930 931 932 933 934
 149 653 655 657 658 659 713 716 717 721 722 749 751 757 795 803 804 805 928 931 933 934
 117 118 119 120 121 125 141 142 146 147 148 149 150 151 152 156 157 158 159 164 296 625 646 653 654 713 716 717 721 722 751 757 795 796 803 804 805 808 928 931 933
 113 118 121 122 125 148 149 550 623 624 625 626 627 928 933
 148 149 150 653 654 658 659 717 723 749 750 757 795 800 803 804 805 927 928 931 933 934 935
 653 654 657 659 663 664 723 730 748 749 750 751 752 756 757 803 928 931 932 933 934 935 950
 121 148 149 150 544 545 550 558 615 616 617 618 619 623 624 625 626 627 631 653 654 657 658 660 661 757 804 928 931 932 933 934 935 950
 148 149 150 544 550 558 615 618 622 623 624 625 626 627 631 659 661 804 928 933 934
 543 544 545 558 615 623 624 625 626 627 631 659 660 662 663 928 933 934 935 950
 544 545 558 606 607 614 615 616 618 622 624 626 627 630 631 661 934 937
 148 149 545 558 614 615 616 617 618 619 624 626 627 630 631 633 653 658 661 749 751 752 756 757 928 932 933 934 935 937 948 949 950
 614 615 618 658 726 730 733 739 740 742 743 745 746 747 748 749 750 751 752 753 756 757 924 928 933 934 935 936 937 948 949 950 963 984 988 989 990 993 994
 606 607 613 614 615 616 617 618 629 630 631 632 742 745 746 748 752 753 928 934 935 936 937 949 957 989 994
 540 606 607 608 613 614 615 616 618 627 629 630 631 632 667 668 740 742 743 745 746 747 748 752 753 924 934 935 936 939 949 955 957 963 983 984 988 989 990 994 995 996
 666 668 734 735 736 737 738 739 740 741 742 745 746 747 748 752 949 984 988 989 990 994 995 996
 607 666 667 742 957 983 989 995
 117 151 156 157 159 160 163 164 165 169 170 171 177 190 193 620 635 670 675 676 692 693
 161 162 163 165 166 168 169 172 193 194 635 669 674 675 676 692 693
 162 166 167 168 172 173 194 195 674 693 698 706
 162 167 173 174 175 178 194 195 231 232 233 257 258 331 673 674 679 693 698 706
 162 166 167 168 174 175 178 194 195 231 232 233 257 258 331 672 678 679 693 696 698 811
 162 165 166 167 168 172 173 193 194 195 634 635 670 671 672 675 678 679 693 695 698 706
 162 165 166 168 169 172 193 194 634 635 669 670 674 676 677 678 692 693 695 698
 117 163 164 165 169 170 171 190 193 600 611 620 635 669 670 675 677 692 693 695
 170 193 600 611 675 676 678 679 692 693 695 812 813
 673 674 675 677 679 693 695 813
 174 175 195 601 672 673 674 677 678 693 695 696 698 810 811 812 813
 23 27 28 79 80 179 181 525 526 530 532 681 682 683 684 685 686 688 689 690 692 701
 179 525 526 530 532 577 680 682 683 685 686 688 689 690 691 692 694 701
 525 526 530 577 680 681 683 684 685 686 687 688 689 690 691 692 694 695 697 698 701 702 703 704 817 818 819 826 827
 179 181 525 530 532 680 681 682 684 685 686 687 688 689 690 691 692 694 697 701
 577 582 680 682 683 685 687 688 689 690 691 692 694 695 697 701 703 704 818 819 820 827
 183 525 526 530 532 577 581 582 583 680 681 682 683 684 686 687 688 689 690 691 692 694 695 697 698 701 818 819
 90 96 183 525 526 530 532 576 577 580 581 582 583 584 585 587 588 589 590 591 597 680 681 682 683 685 688 689 690 691 694 697 698 701 702 703
 577 581 582 583 584 589 590 599 682 683 684 685 688 689 690 691 694 695 696 697 701 703 704 705 813 814 815 816 817 818 819 820 826 827 828
 99 187 525 526 530 532 576 577 578 580 581 582 588 590 597 598 599 601 602 603 609 610 613 680 681 682 683 684 685 686 687 689 690 691 692 693 694 697 698 700 701 702 703 817 818 819 826 827
 525 526 530 577 578 580 581 582 583 584 585 588 589 590 598 599 601 602 610 680 681 682 683 684 685 686 687 688 690 691 692 694 695 696 697 698 701 702 703 704 705 810 813 814 815 816 817 818 819 820 826 827 828
 114 115 117 190 525 526 530 576 577 580 581 582 584 600 601 610 611 612 613 618 619 620 680 681 682 683 684 685 686 687 688 689 691 692 693 694 697 698 699 700 701 702 703 704 813 817 818 819 820 826 827
 577 581 582 583 589 590 598 599 600 601 681 682 683 684 685 686 687 688 689 690 694 695 696 697 701 812 813 814 815 816 817 818 820 826
 117 165 170 171 190 193 525 577 581 582 600 611 619 620 635 669 670 675 676 677 680 681 682 683 684 685 688 689 690 693 694 695 697 698 699 700 701 702 703 704 813 819 826 827
 165 166 167 168 169 172 173 193 194 195 577 580 581 582 584 634 635 638 669 670 671 672 673 674 675 676 677 678 679 688 690 692 695 696 697 698 699 700 701 702 703 704 705 706 810 811 812 813 814 815 819 827 828
 525 577 581 582 583 681 682 683 684 685 686 687 688 689 690 691 692 696 697 701 813 814 818 819 820
 581 582 583 584 588 589 590 598 599 600 601 602 610 611 674 675 676 677 678 679 682 684 685 687 689 691 692 693 696 701 810 812 813 814 815 816 817 818 819 820 826
 582 583 588 589 598 599 600 601 673 679 687 689 691 693 694 695 698 812 813 814 815 817 818
 525 577 581 582 682 683 684 685 686 687 688 689 690 691 692 693 694 698 701 818 819
 174 195 577 580 581 582 584 634 638 671 672 673 674 675 679 682 685 686 688 689 690 692 693 696 697 699 700 701 702 703 704 705 706 707 758 767 809 810 811 812 813 814 815 816 817 818 819 820 827 828
 195 198 199 260 322 323 324 329 330 577 580 581 690 692 693 698 700 702 703 704 705 767 768 774 809 810 811 812 813 814 815 816 817 818 819 820 822 827
 199 321 322 323 324 525 577 581 582 688 690 692 693 698 699 702 703 704 705 815 816 817 819 820 821 822 826 827
 26 28 79 80 83 525 526 530 576 577 578 580 581 582 583 584 585 588 589 590 599 680 681 682 683 684 685 686 687 688 689 690 691 692 693 694 695 697 698 702 703 704 705 816 817 818 819 820 826 827 828
 577 580 581 582 682 686 688 689 690 692 693 698 699 700 701 703 704 816 819 826 827
 26 201 315 320 321 525 577 578 580 581 582 583 584 585 587 588 589 590 682 684 686 687 688 689 690 692 693 698 699 700 701 702 704 705 775 816 817 819 820 821 822 823 824 826
 202 280 311 312 525 577 580 581 582 583 584 585 587 588 589 590 598 599 682 684 687 689 690 692 693 698 699 700 701 702 703 705 776 780 781 785 786 819 820 821 822 823 824 825 826 827 828 829 830 831 832 833 903 904 905 908
 577 581 582 583 584 585 588 589 590 687 689 693 698 699 700 701 703 704 776 780 781 786 816 819 820 821 822 823 824 825 826 828 829 830 831 832 833 842 880 881 903 904 905 908 909
 162 166 167 168 173 174 175 178 195 231 232 233 331 638 671 672 674 693 698 707 709
 167 174 175 178 195 231 232 233 257 258 259 328 330 331 698 706 712 758 759
 174 233 331 709 712
 162 166 167 173 174 195 231 232 233 706 708
 631 640 646 711 715
 646 710 712 715
 174 175 231 232 233 257 258 259 331 630 707 708 711 983 985 987
 626 630 631 645 651 652 653 654 655 715 717 718 723 749 760 761 795 804 805 808 983 985 987
 631 646 653 715 722
 627 630 631 640 645 646 653 710 711 713 714 716
 631 653 654 655 715 717 718 719 722
 631 653 654 655 657 713 716 718 719 720 749
 653 713 716 717 719 749 760 761
 716 717 718 720 721 725 726 727 749 757 760
 653 717 719 723 724 726 749 760
 625 631 653 654 655 719 722 723 724
 626 631 645 651 652 653 654 655 714 716 721
 653 657 658 713 720 721 724 725 728 729 730 749 750 751
 653 720 721 723 725
 719 723 724 726 749
 664 719 720 725 727 730 731 732 733 747 748 749
 719 726 728 731 732 733 747 748 749 752
 723 727 729 730 731
 653 723 728
 653 658 664 723 726 728 731 733 746 747 748 749 752 928
 726 727 728 730 733 747 748 749
 726 727 733 739 740 746 747 748 749 752
 664 726 727 730 731 732 735 738 739 740 745 746 747 748 749 752
 667 735 736 738 739 740 741 745 746 747 752 984 988
 667 733 734 736 737 738 739 740 741 742 747 983 984
 667 734 735 737 740 741 742 743 983 984 988 989
 667 735 736 738 741 742 957 983 984
 667 733 734 735 737 739 742 957 983
 664 667 732 733 734 735 738 740 742 746 747 752 983 985
 664 666 667 732 733 734 735 736 739 742 743 745 746 747 957 983 985
 667 734 735 736 737 742 743 939 957 983 985
 540 545 547 548 549 664 665 666 667 668 735 736 737 738 739 740 741 743 745 939 949 954 955 957 961 963 983 984 988 989 995
 664 666 736 740 741 742 744 745 746 753 754 937 939 949 953 955 957
 743 754 936 937 939 947 948 949 953 955 963
 664 665 666 667 733 734 740 742 743 746 937 949
 664 665 666 667 730 732 733 734 739 740 743 745 747 748 749
 664 666 667 726 727 730 731 732 733 734 735 739 740 746 748 749 752 761
 658 664 665 666 667 726 727 730 731 732 733 746 747 749 752 760 761 764
 653 654 657 658 663 664 713 717 718 719 720 723 725 726 727 730 731 732 733 746 747 748 750 751 752 757 760 761 764
 631 653 657 658 664 723 749 751 752 757 760 761 762 763 764 765 804
 653 654 655 658 663 664 723 749 750 752 760 761 762 763 764 765
 653 658 663 664 665 666 667 727 730 732 733 734 739 747 748 749 750 751 760 761 762 763 764 765
 664 665 666 743 756 924 928 932 933 934 935 936 937 939 948 949 950 951
 743 744 934 935 936 937 939 948 949 950 951 963
 800 801 934 935 936 937 939 948 949 950 951 952 963
 658 663 664 753 800 801 924 925 927 928 931 932 933 934 935 936 937 939 942 948 949 950 951
 625 626 627 631 651 653 654 655 657 658 659 663 664 719 749 750 761 762 763 764 804 808 928 933 934
 174 175 195 198 232 233 257 258 259 260 261 323 328 329 330 331 698 707 759 767
 174 175 232 233 257 258 259 260 261 328 330 331 707 758 760 762 765 766 795 805 983 985
 653 713 718 719 720 748 749 750 751 752 759 761 762 764 765 795 804 805 806 808 983 985
 653 713 718 747 748 749 750 751 752 757 760 762 764 765 804 805 808
 626 631 650 651 653 750 751 752 757 759 760 761 763 764 765 769 770 771 795 804 805 806 807 808
 750 751 752 757 762 764 765 769 770 771 806 807 808 979 980 985
 653 748 749 750 751 752 757 760 761 762 763 765 795 805 806 808 983 985
 257 258 260 261 263 330 750 751 752 759 760 761 762 763 764 766 795 805 806 807 808 983 985
 174 175 198 257 258 259 260 261 263 264 265 323 324 328 329 330 331 759 765 769 983 985
 174 175 195 198 257 258 259 260 261 263 265 322 323 324 328 329 330 331 619 698 699 758 811
 198 257 258 259 260 261 263 264 265 266 267 322 323 324 325 326 328 329 330 416 699 770 792 985
 260 261 263 264 265 323 329 330 631 762 763 766 794 808 980 981 982 983 985
 260 265 266 267 321 322 323 324 762 763 768 771 788 789 792 793 794 795 796 806 807 808 959 965 968 979 980 981 982 985 986
 267 630 762 763 770 772 773 774 777 788 789 792 793 794 795 806 807 808 957 958 959 965 968 979 980 981 985 986
 771 773 775 776 777 778 788 789 791 792 793 794 806 807
 199 260 265 266 267 270 271 321 322 323 324 416 489 771 772 774 775 788 789 792 793 794 807 959 965 968 979 981 985 986
 198 199 260 261 265 266 267 321 322 323 324 325 416 471 699 771 773 815
 199 266 267 270 271 272 315 320 321 322 323 324 416 471 489 703 772 773 777 788 789 792 793 794 965 968 979 981 986
 201 270 271 272 277 278 279 309 310 311 312 315 320 321 416 704 705 772 777 778 779 787 788 789 792 793 823 908 965 968 979 981 986
 271 272 320 771 772 775 776 778 779 780 787 788 789 792 793 794
 277 278 309 310 312 772 776 777 779 780 781 782 787 788 789 792 963 968 986
 310 776 777 778 780 787 788 789
 271 272 277 278 279 280 309 310 311 312 314 315 320 346 704 705 777 778 779 781 787 788 789 792 823 824 963 965 968 986
 271 272 277 278 279 280 309 310 311 312 314 315 320 339 346 347 348 349 350 351 704 705 778 780 782 783 787 788 823 824 825 829 830 965 967 968 972 986
 277 278 279 280 309 310 312 346 416 778 781 783 784 787 788 864 865 963 965 966 967 968 986
 272 277 278 279 280 309 310 311 312 315 346 349 350 781 782 784 786 787 846 850 851 859 861 863 864 865 888 889 891 893 895 896 898 939 963 964 965 966 967 968 969 971 972 973 981 986 991
 272 277 278 279 280 309 310 311 312 315 320 339 340 346 347 348 349 350 384 782 783 785 786 829 837 840 845 846 858 864 865 888 889 892 899 963 965 967 968 969 971 972 973 986 991
 277 278 279 280 309 310 311 312 315 335 337 338 339 340 344 346 347 348 349 350 384 385 416 418 504 704 784 829 835 836 837 838 839 840 844 845 846 865 874 880 915 946 963 965 968 972 973 986 991
 272 277 278 279 280 309 310 311 312 315 320 334 335 337 338 339 340 344 346 347 348 349 350 351 384 385 416 420 424 704 705 783 784 824 829 830 831 832 835 840 841 842 844 873 874 875 876 879 880 881 883 884 903 904 905 908 915 946 963 965 966 967 968 972 973 986 991
 277 776 777 778 779 780 781 782 783 788 790 858 859 860 861 863 864 865 888 889 891 895 896 897 898 899 930 959 963 965 967 968 972 973 981 986 991
 770 771 772 773 775 776 777 778 779 780 781 782 787 789 792 859 863 864 963 965 968 972 986
 770 771 772 773 775 776 777 778 779 780 788 790 859 861 862 863 864 889 891 895 896 897 898 899 915 917 929 930 959 963 964 965 967 968 972 973 979 986
 787 789 791 798 799 860 861 862 863 864 891 895 898 899 928 929 930 931 963 968 986
 626 630 631 772 790 792 797 798 799 862 928 929 930 931 933
 151 627 630 631 768 770 771 772 773 775 776 777 778 780 788 791 793 798 799 862 928 930 931 963 965 968 972 981 986
 770 771 772 773 775 776 777 792 794 807
 630 631 632 769 770 771 772 773 775 777 793 796 930 965 985 986
 148 149 622 625 626 627 630 631 632 651 652 653 654 655 657 713 759 760 762 764 765 770 771 796 797 798 799 800 928 930 931 932 933 959 963 965 968 972 979 980 981 986
 625 626 627 630 631 632 653 655 770 794 795 797 798 799 800 804 928 930 931 932 933 934 935
 630 631 791 795 796 798 799 800 802 804 928 930 931 932 933 934 950 951
 630 631 790 791 792 795 796 797 799 800 860 862 928 930 931 932 933
 631 790 791 792 795 796 797 798 800 802 803 804 860 861 862 928 930 931 932 933
 545 624 625 626 627 631 657 755 756 795 796 797 798 799 801 802 803 804 928 931 932 933 934 950 951
 755 756 800 802 803 932 933 934 935 948 949 950 951
 797 799 800 801 927 928 931 932 933 934 935 937 949 950 951
 625 626 627 631 653 654 655 657 658 799 800 801 927 928 931 932 933 934 935 937 950 951
 625 626 627 631 651 653 654 655 657 659 660 713 750 757 760 761 762 796 797 799 800 808 928 931 932 933 934 935 951
 625 626 627 630 631 632 651 652 653 654 655 657 713 759 760 761 762 764 765 808
 149 626 630 631 632 653 760 762 763 764 765 770 771 772 807 808 959 963 968 979 981 985
 630 762 763 765 770 771 772 773 793 806 968 979 980 981
 630 631 632 651 652 653 655 713 757 760 761 762 763 764 765 769 770 771 804 805 806
 174 175 195 198 232 257 258 259 260 261 323 328 329 330 331 698 699 811 812
 174 175 195 198 257 258 259 260 261 265 322 323 324 328 329 330 331 601 679 689 693 695 698 699 812 813
 174 175 178 195 232 233 257 258 259 260 261 328 330 331 619 673 679 693 698 699 767 809 812 813
 174 175 178 195 198 233 257 258 259 260 261 328 330 331 598 599 600 601 602 611 677 679 691 693 695 696 698 699 809 810 811 813
 175 195 589 599 600 601 677 678 679 687 689 690 691 692 693 694 695 696 698 699 810 811 812 818
 195 198 260 323 584 589 590 598 599 600 601 602 687 689 691 693 694 695 696 698 699 815 818
 195 198 199 260 261 265 266 267 321 322 323 324 325 329 330 416 589 590 599 602 687 689 691 693 695 696 698 699 700 774 814 817 818
 198 199 201 260 265 266 267 270 271 319 320 321 322 323 324 416 472 583 588 589 590 687 689 691 695 698 699 700 701 702 703 705 817 818 822
 198 199 260 265 266 322 323 324 577 581 582 583 584 585 588 589 590 602 682 687 688 689 690 691 695 696 698 699 700 701 703 815 816 818 819 820
 322 323 525 577 581 582 583 584 588 589 590 598 599 682 684 685 687 688 689 690 691 694 695 696 697 698 699 701 813 814 815 816 817 819 820
 27 525 576 577 580 581 582 583 584 585 588 589 590 599 682 684 685 687 688 689 690 692 693 694 695 697 698 699 700 701 702 703 704 705 817 818 820 826 827
 199 201 271 320 321 322 577 581 582 583 584 588 589 590 599 684 687 689 690 691 694 695 698 699 700 701 703 704 705 817 818 819 826 827 828 905 908
 201 271 272 278 309 310 312 315 320 321 700 703 704 705 824 825 827 828 903 904 905 908 909
 199 201 266 267 270 271 272 310 315 319 320 321 322 323 324 325 416 469 472 476 699 700 703 704 705 816 905
 201 271 272 277 278 279 280 309 310 311 312 314 315 320 346 416 703 704 705 776 780 781 824 825 828 829 830 903 904 905 908 909
 271 277 278 279 280 309 310 311 312 315 320 346 348 703 704 705 780 781 786 821 823 825 828 829 830 831 832 903 904 905 908 909
 312 704 705 781 821 823 824 826 827 828 903 904 905 908
 525 577 580 581 582 583 584 585 588 589 590 682 687 688 689 690 691 692 695 700 701 702 703 704 705 819 820 825 827 828 903 905 908
 525 577 580 581 582 583 584 585 588 589 590 682 684 687 688 689 690 692 693 698 699 700 701 702 704 819 820 821 825 826
 577 581 582 583 584 588 589 590 687 689 693 698 701 704 705 820 821 823 824 825 826 830 903 904 905 906 908
 202 277 278 279 280 309 310 311 312 335 337 338 339 340 343 346 347 348 349 350 384 704 705 781 784 785 786 823 824 830 831 832 833 835 844 881 903 904 905 906 908 909
 277 278 279 280 309 310 311 312 315 320 338 339 346 347 348 349 350 704 705 781 786 823 824 828 829 831 832 903 904 905 908
 277 278 279 280 309 310 311 312 337 339 340 346 347 348 349 350 384 704 705 786 824 829 830 832 833 834 835 840 841 842 843 844 874 876 879 880 881 883 884 903 905 908
 278 279 280 309 310 311 312 346 347 348 349 384 704 705 786 824 829 830 831 833 834 842 843 844 876 880 881 884 905
 311 704 705 829 831 832 834 842 843 844 881
 831 832 833 835 840 841 842 843 844
 311 340 346 384 785 786 829 831 834 836 840 841 842 844 874 876 880 881 884 908
 785 835 837 838 840 841
 279 311 346 784 785 836 838 840 845 846 986
 279 280 311 339 346 347 348 349 350 384 785 836 837 839 840 845 846 986
 271 272 277 278 279 280 309 310 311 335 337 338 339 340 344 346 347 348 349 350 351 384 416 472 497 503 504 505 506 508 509 510 513 514 515 516 517 518 519 520 524 528 533 564 570 571 572 573 574 575 578 579 785 838 840 844 845 846 847 848 867 869 870 880 912 915 917 918 919 939 944 945 946 968 969 972 973 974 975 976 977 986 991 992 999
 279 280 311 340 344 346 384 416 503 504 505 506 513 515 516 528 571 572 573 574 784 785 786 831 834 835 836 837 838 839 841 842 844 845 846 868 869 870 871 872 873 874 875 876 880 884 912 915 917 946 968 969 973 986 991 992
 786 831 834 835 836 840 842 843
 311 340 346 384 505 705 786 831 832 833 834 835 840 841 843 844 873 874 875 876 877 879 880 881 882 883 884 893 899 903 904 905 906 907 908 915 946
 831 832 833 834 841 842 844
 279 280 311 312 335 337 338 339 340 344 346 347 349 350 351 384 515 785 786 829 831 832 833 834 835 839 840 842 843 870 880 881
 277 278 279 280 309 310 311 312 338 339 340 346 347 348 349 350 384 784 785 837 838 839 840 846 847 849 850 968 972 986 991
 272 277 278 279 280 309 310 311 312 315 320 335 339 340 346 347 348 349 350 351 384 783 784 785 837 838 839 840 845 849 850 851 852 856 857 858 864 865 866 915 946 963 964 965 966 967 968 969 971 972 973 986 991
 277 278 279 280 309 310 311 312 346 347 348 349 350 351 384 839 845 849 852 857 963 968 972 973 986 991
 279 280 309 310 311 339 346 347 348 349 350 384 515 571 574 575 839 849 852 857 866 915 917 924 939 942 944 946 968 969 972 973 975 976 986 991 992
 277 278 279 280 310 346 348 349 350 845 846 847 848 850 852 853 856 857 858 865 866 915 968 969 972 973 986 991
 783 845 846 849 851 852 856 857 858 859 863 864 865 866 888 889 963 968 972 973 986 991
 783 846 850 852 857 858 859 863 864 865 866 888 889 968 986
 846 847 848 849 850 851 853 856 857 858 865 866 915 946 968 969 972 973 977 986 991
 505 509 513 515 571 572 574 849 852 856 857 915 916 917 920 943 945 946 968 969 972 973 975 976 977 986 991 992
 311 503 504 505 506 509 513 514 515 516 517 519 528 533 570 571 572 574 575 855 856 867 912 915 916 917 918 919 939 940 941 942 943 944 945 946 968 969 972 973 974 975 976 977 986 991 992
 504 505 508 509 513 514 515 516 517 528 533 565 570 571 572 573 574 575 579 854 856 867 912 915 916 917 919 944 945 946 968 969 972 973 976 977 986 991 992
 574 846 849 850 852 853 854 855 857 866 867 887 915 945 946 968 969 972 973 986 991 992
 846 847 848 849 850 851 852 853 856 858 865 866 915 946 968 969 973 986 991
 784 787 846 849 850 851 852 857 859 864 865 866 986
 783 787 788 789 850 851 858 863 864 865
 787 790 798 799 861 862 930
 783 787 789 790 799 860 862 863 864 898 919 920 930
 789 790 791 792 798 799 860 861 863 891 895 920 928 929 930
 515 783 787 788 789 790 850 851 859 861 862 864 865 888 889 891 894 895 896 897 898 899 900 915 917 919 920 923 926 929 930 946 973 986
 782 783 784 787 788 789 790 846 850 851 858 859 861 863 865 889 895 898 930
 513 516 782 783 784 785 787 846 849 850 851 852 857 858 859 863 864 866 888 889 890 891 894 895 896 897 898 899 915 919 920 946 968 969 973 986 991 992
 574 846 848 849 850 851 852 856 857 858 865 867 886 887 888 892 915 917 919 946 973 986 991
 503 504 505 506 508 509 513 514 515 516 517 528 570 571 572 574 575 578 839 854 855 856 866 868 869 870 885 886 887 888 893 898 899 912 915 917 919 945 946 968 969 973 975 976 986 991 992
 384 503 504 505 506 508 509 513 514 515 516 517 519 520 524 526 528 570 571 572 573 574 575 840 867 869 870 871 874 876 884 885 886 887 893 897 898 899 900 901 902 912 915 916 917 919 946 968 969 973 975 976 986 991 992 999
 503 504 505 506 508 509 513 514 515 516 517 518 519 520 528 570 571 572 573 574 575 579 839 840 867 868 870 871 874 876 887 899 912 915 917 919 945 946 968 969 973 975 976 977 986 991 992 999
 503 504 505 506 509 513 514 515 516 517 518 520 524 528 570 571 572 573 574 575 578 839 840 844 867 868 869 912 915 917 945 946 968 969 972 973 975 976 986 991 992
 504 505 515 516 574 840 868 869 873 874 880 915 946 969 991
 840 873 874 875 876 884
 505 786 840 842 871 872 874 875 876 878 884 893 915
 505 506 513 515 528 785 786 831 835 840 842 868 869 871 872 873 875 876 878 884 893 915 946
 786 840 842 872 873 874 876 878 884 893 899 915 946
 503 504 505 513 515 516 528 786 831 832 835 840 842 868 869 872 873 874 875 878 881 883 884 887 893 898 899 900 901 902 908 912 915 917 946 969 992
 842 878 879 882
 873 874 875 876 877 879 881 882 884
 786 831 842 877 878 880 881 882 884
 279 280 311 340 344 346 384 513 515 516 705 785 786 831 832 835 839 840 842 844 871 879 881 882 905 908 915
 311 384 705 786 829 831 832 833 835 842 844 876 878 879 880 883 903 904 905 908
 842 877 878 879 880
 786 831 842 876 881 884 905 906 907 908
 505 786 831 832 835 840 842 868 872 873 874 875 876 878 879 883 893 899 900 901 902 903 904 905 906 907 908 909 912 915 917 946
 867 868 886 887 888 892 893 894 896 897 898 899 900 915 917 919
 515 528 866 867 868 885 887 888 890 892 893 894 895 896 897 898 899 900 901 912 915 917 919 946
 503 504 505 506 513 514 515 516 528 574 856 866 867 868 869 876 885 886 888 892 893 896 898 899 900 901 912 915 917 946 969 991 992
 783 784 787 850 851 863 865 866 867 885 886 887 889 890 891 892 893 894 895 896 897 898 899 900 915 946 992
 783 784 787 789 850 851 863 864 865 888 890 891 894 895 896 898 899 900 915 917 919 920 930 946
 865 886 888 889 891 892 894 895 896 897 898 899
 783 787 789 790 862 863 865 888 889 890 894 895 896 898 899 917 919 920 923 929 930 968
 784 866 885 886 887 888 890 893 894 896 897 899
 783 842 867 868 873 874 875 876 884 885 886 887 888 892 894 896 897 898 899 900 901 902 904 906 908 909 912 915 917 946
 863 865 885 886 888 889 890 891 892 893 896 897 898 899
 783 787 789 790 862 863 864 865 886 888 889 890 891 896 898 899 900 901 915 919 920 923 929 930
 277 783 787 789 863 865 885 886 887 888 889 890 891 892 893 894 895 897 898 899 900 930
 787 789 863 865 868 885 886 888 890 892 893 894 896 898 899 900 901 902 904 912 915
 783 787 789 790 861 863 864 865 867 868 876 885 886 887 888 889 890 891 893 894 895 896 897 899 900 919 923 926 929 930
 784 787 789 790 842 863 865 867 868 869 875 876 884 885 886 887 888 889 890 891 892 893 894 895 896 897 898 900 901 902 907 912 915 917 923 926 930
 863 868 876 884 885 886 887 888 889 893 895 896 897 898 899 901 902 904 906 907 911 912 915 917
 868 876 884 886 887 893 895 897 899 900 902 904 906 907 909 912 915 919 920 926 930
 868 876 884 893 897 899 900 901 904 906 907 909
 704 705 786 821 823 824 825 826 828 829 830 831 842 881 884 905 908 909 910 911
 704 705 786 821 823 824 825 828 829 830 842 881 884 893 897 900 901 902 905 906 907 908 909 910 911 915
 704 705 786 820 821 822 823 824 825 826 828 829 830 831 832 842 880 881 883 884 903 904 906 907 908 909 910 911
 828 829 842 883 884 893 900 901 902 904 905 907 908 909 915
 842 883 884 899 900 901 902 904 905 906 908 909 911 912 915
 704 705 776 786 820 821 823 824 825 826 828 829 830 831 835 842 876 880 881 883 884 893 903 904 905 906 907 909 915
 705 821 823 824 829 884 893 901 902 903 904 905 906 907 908 910 911 912 913 914
 903 904 905 909 911 912 913 914
 900 903 904 905 907 909 910 913
 501 503 504 505 506 528 839 840 854 855 867 868 869 870 876 884 886 887 893 897 899 900 901 907 909 910 978 992 993 999
 909 910 911 914 992 993 999
 503 909 910 913 978 992 993 999
 346 349 501 503 504 505 506 528 785 786 789 839 840 842 846 848 849 852 853 854 855 856 857 863 865 866 867 868 869 870 871 873 874 875 876 880 884 885 886 887 888 889 893 895 897 899 900 901 904 906 907 908 917 919 920 921 923 924 925 926 930 939 942 944 993 999
 853 854 855 868 917 918 919 920 921 922 924 942
 789 839 840 848 853 854 855 863 866 867 868 869 870 876 884 885 886 887 889 891 893 899 900 915 916 918 919 920 921 922 923 924 925 926 930 936 937 939 940 941 942 944 945 946 949
 839 854 916 917 919 921 922 923 924 942
 277 548 839 854 855 861 863 865 866 867 868 869 885 886 889 891 895 898 901 915 916 917 918 920 921 922 923 924 925 926 927 928 930
 853 861 862 863 865 889 891 895 901 915 916 917 919 922 923 924 925 926 928 929 930
 545 547 915 916 917 918 919 922 923 924 937 942
 545 546 916 917 918 919 920 921 923 924 925 937 942
 627 863 891 895 898 899 915 917 918 919 920 921 922 925 926 928 929 930
 542 543 544 545 546 547 548 558 624 664 666 753 756 848 915 916 917 918 919 920 921 922 925 927 928 934 935 937 938 941 942 946 949
 542 543 544 545 546 547 558 624 756 915 917 919 920 922 923 924 926 927 928
 545 627 631 863 898 899 901 915 917 919 920 923 925 927 929 930
 542 543 544 545 546 547 548 550 557 558 622 623 624 625 626 627 657 756 802 803 919 924 925 926 928 929
 113 124 129 542 543 544 545 546 547 548 550 557 558 560 568 622 623 624 625 626 627 630 631 651 652 653 654 655 656 657 658 659 660 661 663 664 665 730 753 756 757 790 791 792 795 796 797 798 799 800 802 803 804 862 919 920 923 924 925 927 929 930 931 933
 622 626 627 631 789 790 791 862 863 891 895 898 920 923 926 927 928 930
 550 558 623 624 625 626 627 630 631 653 787 789 790 791 792 794 795 796 797 798 799 860 861 862 863 864 889 891 895 896 898 899 901 915 917 919 920 923 926 928 929 931 969 973
 558 623 624 625 626 627 631 653 654 655 657 658 659 756 790 791 792 795 796 797 798 799 800 802 803 804 928 930 933
 544 545 653 658 659 663 753 756 795 796 797 798 799 800 801 802 803 804 951
 543 544 545 546 547 548 550 558 623 624 625 626 627 631 653 654 655 656 657 658 659 660 661 663 664 753 756 757 791 795 796 797 798 799 800 801 802 803 804 928 931 934 951
 543 544 545 546 547 548 558 624 625 626 627 653 654 657 658 659 660 661 662 663 664 665 666 753 754 755 756 757 796 797 800 801 802 803 804 924 933 935 937 950 951
 542 543 544 545 546 547 548 558 624 657 658 659 661 663 664 665 666 753 754 755 756 796 801 802 803 804 924 934 936 937 949
 545 546 547 548 664 665 666 744 753 754 755 756 917 935 937 938 939 940 941 942 945 946 947 948 949 952 955 973
 543 544 545 546 547 548 558 624 662 663 664 665 743 744 745 753 754 755 756 802 803 917 921 922 924 934 935 936 942 949
 545 546 547 548 924 936 939 940 941 942 949
 545 546 547 548 666 741 742 743 744 753 754 755 756 783 839 848 854 915 917 936 938 940 941 942 943 944 945 946 947 949 952 955 963 969 972 973
 545 854 917 936 938 939 941 942 943 944 945 946 949 963 972 973
 545 854 917 924 936 938 939 940 942 943 944 945 949 963
 545 546 547 548 756 848 854 915 916 917 918 921 922 924 936 937 938 939 940 941 943 944 945 946 949
 853 854 939 940 941 942 944 945 946 963 972 973
 839 848 854 855 915 917 939 940 941 942 943 945 946 963 972 973
 839 853 854 855 856 867 869 870 917 936 939 940 941 942 943 944 946 949 963 972 973
 266 270 271 272 322 501 503 504 505 506 508 513 515 516 528 785 786 839 840 842 846 848 852 853 854 855 856 857 863 865 866 867 868 869 870 871 874 875 876 884 886 887 888 889 893 917 924 936 939 940 942 943 944 945 963 969 972 973 975 992 993 999
 545 546 547 548 744 936 939 948 949 957 961 962 963 972
 545 547 548 663 664 744 753 754 755 756 801 936 947 949 950 952 953 955 963
 543 544 545 546 547 548 663 664 665 666 667 742 743 744 745 753 754 755 756 801 802 917 924 935 936 937 938 939 940 941 942 945 947 948 950 951 952 953 954 955 961 962 963
 544 545 547 548 658 659 661 663 664 753 754 755 756 797 800 801 802 803 934 948 949 951 953
 545 753 754 755 756 797 800 801 802 803 804 932 933 934 949 950 952 953
 755 936 939 948 949 951
 743 744 948 949 950 951 954
 545 547 548 742 949 953 955 957 961 963
 545 546 547 548 666 742 743 744 936 939 948 949 954 956 957 958 960 961 962 963
 547 955 957 958 959 960 961
 538 540 545 546 547 548 549 665 666 668 737 738 740 741 742 743 771 947 954 955 956 958 959 961 963 965 968 979 983 984 988 989 995 996
 771 955 956 957 959 960 961 965 979 980
 770 771 773 787 789 795 806 956 957 958 960 961 965 982
 955 956 958 959 961 962 963 964 965 966 972
 545 547 742 947 949 954 955 956 957 958 959 960 962 963 964 965 972 983
 947 949 955 960 961 963 964
 545 547 548 664 666 742 744 754 755 778 780 782 783 784 785 786 787 788 789 790 792 795 806 846 847 850 939 940 941 943 944 945 946 947 948 949 954 955 957 960 961 962 964 965 971 972 973
 783 789 846 960 961 962 963 965 966 971 972
 770 771 773 775 776 780 781 782 783 784 785 786 787 788 789 792 794 795 846 957 958 959 960 961 963 964 966 967 968 972 979 980 981
 782 783 786 846 960 964 965 967 968 979
 781 782 783 784 786 787 789 846 965 966 968 970 971 979 981
 770 771 773 775 776 778 780 781 782 783 784 785 786 787 788 789 790 792 795 806 807 839 840 845 846 847 848 849 850 851 852 853 854 855 856 857 865 867 868 869 870 891 957 965 966 967 969 970 971 972 973 974 975 976
 504 509 513 783 784 839 840 846 848 849 852 853 854 855 856 857 865 867 868 869 870 871 876 887 930 939 946 968 970 971 973 974 975 976 977
 967 968 969 971 972
 783 784 846 963 964 967 968 969 970 972
 781 783 784 785 786 787 788 789 792 795 839 845 846 847 848 849 850 852 853 854 855 856 870 939 940 943 944 945 946 947 960 961 963 964 965 968 970 971 973 974 976 977
 783 784 785 786 787 789 839 840 846 847 848 849 850 852 853 854 855 856 857 863 865 866 867 868 869 870 930 936 939 940 943 944 945 946 963 968 969 972 974 975 976 977 986 992
 839 854 968 969 972 973 975
 839 848 853 854 867 868 869 870 946 968 969 973 974 976 977 978 993 999
 839 848 853 854 855 867 868 869 870 968 969 972 973 975 977 992
 505 839 852 853 854 855 869 969 972 973 975 976 978 992 993 999
 912 914 975 977 992 993 999
 763 770 771 773 775 776 789 795 806 807 957 958 965 966 967 980 981 982 983
 763 769 770 771 795 807 958 965 979 981 982 983
 769 770 771 773 775 776 783 787 792 795 806 807 965 967 979 980 982 983
 769 770 959 979 980 981 983
 538 540 548 666 668 712 713 735 736 737 738 739 740 741 742 759 760 764 765 766 769 957 961 979 980 981 982 984 985 986 987 988 989 990 995 996
 664 666 667 734 735 736 737 742 957 983 987 988 989 990 994 995 996
 712 713 739 740 741 759 760 763 764 765 766 768 769 770 771 773 794 806 983 986 987
 271 272 277 279 320 349 509 517 518 519 533 536 537 564 571 572 574 575 578 579 770 771 773 775 776 778 780 781 782 783 784 785 786 787 788 789 790 792 794 795 837 838 839 840 845 846 847 848 849 850 851 852 853 854 855 856 857 858 863 865 866 867 868 869 870 973 983 985 991
 712 713 983 984 985 990
 664 666 667 734 736 742 957 983 984 989 990 994 995 996
 664 665 666 667 668 736 742 957 983 984 988 990 993 994 995 996
 664 666 667 983 984 987 988 989 994
 76 264 266 267 270 271 272 277 278 322 346 347 505 508 509 510 513 514 515 516 517 518 519 520 533 534 535 536 537 538 539 541 542 553 554 562 563 564 565 568 569 570 571 572 573 574 575 578 579 585 586 591 592 593 594 596 783 784 785 786 787 839 840 845 846 847 848 849 850 852 853 854 855 856 857 865 866 867 868 869 870 871 887 986 994 996 997 998
 501 503 504 505 506 508 509 510 513 514 515 516 517 518 519 520 528 533 534 535 536 537 538 539 541 542 562 563 564 565 568 569 570 571 572 574 575 576 578 579 586 592 593 594 596 839 840 848 853 854 855 856 865 867 868 869 870 876 887 888 912 913 914 946 973 976 977 978 993 994 996 997 998 999
 272 501 503 505 506 508 509 510 513 515 518 528 533 534 536 537 538 539 563 586 596 603 604 607 608 664 912 913 914 915 946 975 977 978 989 992 994 995 996 997 998 999
 509 534 536 537 538 539 540 541 542 563 593 594 595 596 597 603 604 606 607 608 618 622 664 665 666 667 984 988 989 990 991 992 993 995 996 997 998
 540 548 549 596 597 603 604 606 607 608 609 614 631 666 667 668 742 957 983 984 988 989 993 994 996
 536 537 538 539 540 541 542 546 548 549 562 563 593 594 596 597 604 666 667 957 983 984 988 989 991 992 993 994 995 997 998
 509 536 537 538 539 541 991 992 993 994 996 998
 508 509 533 536 537 538 539 541 991 992 993 994 996 997
 501 502 503 504 505 506 508 509 513 514 515 516 517 528 572 574 575 839 868 869 912 913 914 915 946 975 977 978 992 993